Taxon	Chow.M1	Chow.M2	Chow.F1	Chow.F2	Chow.F3	Glut.F1	Glut.F2	Glut.F3	Glut.F4	Glut.F5	HC.F1	HC.F2	HC.F3	HC.F4	HC.F5	KO.M1	KO.M2	KO.F1	KO.F2	7294.pre	7484.pre	7483.pre	7293.pre	7494.pre	7280.pre	7294.neg	7484.neg	7483.neg	7293.neg	7494.neg	7280.neg	7294.pos	7484.pos	7483.pos	7293.pos	7494.pos	7280.pos
Unassigned;Other;Other;Other;Other	0.00317581742527	0.00321350842085	0.00292973349788	0.00275258054426	0.00268834352474	0.0036253776435	0.00369106483738	0.00645701626412	0.00400637377646	0.00402464065708	0.00398942801576	0.0045843821631	0.00400956341343	0.00289523624155	0.00384498435523	0.00252036076569	0.00326074000919	0.00277453858217	0.00228513995297	0.0016506586017	0.00202135106755	0.00157713977401	0.0017750487567	0.00178454258048	0.00234649667246	0.0154264231131	0.000371099422376	0.00055551440634	0.00149952252046	0.000605060961964	0.0107935645917	0.00104550707093	0.0118918918919	0.00517149593125	0.00017205189085	0.00429409300377	0.00347445849293
k__Archaea;p__Crenarchaeota;c__Thaumarchaeota;o__Nitrososphaerales;f__Nitrososphaeraceae	1.15905745448e-05	0.0	0.0	0.0	0.0	0.0	0.0	1.35084022262e-05	0.0	0.0	0.0	0.0	0.0	0.0	0.0	0.0	0.0	0.0	0.0	0.0	0.0	0.0	0.0	0.0	0.0	0.0	0.0	0.0	0.0	0.0	0.0	0.0	0.0	0.0	0.0	0.0	0.0
k__Bacteria;p__;c__;o__;f__	0.0	0.0	0.0	0.0	0.0	0.0	0.0	0.0	0.0	0.0	0.0	0.0	0.0	0.0	0.0	0.0	0.0	0.0	0.0	0.0	0.0	0.0	0.0	0.0	0.0	0.0	0.0	0.0	5.52455665433e-05	0.0	0.0	0.0	0.0	0.0	0.0	0.0	0.0
k__Bacteria;p__Acidobacteria;c__Acidobacteria-6;o__iii1-15;f__	0.0	0.0	0.0	0.0	0.0	0.0	0.0	0.0	0.0	0.0	0.0	0.0	0.0	0.0	0.0	0.0	0.0	0.0	0.0	0.0	0.0	0.0	0.0	0.0	0.0	0.0	0.0	0.0	0.0	0.0	0.0	0.0	0.0	5.07009405024e-05	0.0	0.0	0.0
k__Bacteria;p__Acidobacteria;c__Acidobacteriia;o__Acidobacteriales;f__Koribacteraceae	0.0	0.0	0.0	0.0	0.0	0.0	0.0	0.0	0.0	0.0	0.0	0.0	0.0	0.0	0.0	0.0	0.0	0.0	0.0	0.0	0.0	0.0	0.0	0.0	0.0	0.0	0.0	0.00114806310644	0.0	0.0	0.0	0.0	0.0	0.0	0.0	0.0	0.0
k__Bacteria;p__Acidobacteria;c__Holophagae;o__Holophagales;f__Holophagaceae	0.0	0.0	0.0	0.0	0.0	0.0	0.0	0.0	0.0	0.0	0.0	0.0	0.0	0.0	9.80863355926e-06	0.0	0.0	0.0	9.48190851855e-06	0.0	0.0	0.0	0.0	0.0	0.0	0.0	0.0	0.0	0.0	0.0	0.0	0.0	0.0	0.0	3.44103781701e-05	0.0	0.0
k__Bacteria;p__Acidobacteria;c__Solibacteres;o__Solibacterales;f__	0.0	0.0	0.0	0.0	0.0	0.0	0.0	0.0	0.0	0.0	0.0	0.0	0.0	0.0	0.0	0.0	0.0	0.0	0.0	0.0	0.0	0.0	0.0	0.0	0.0	0.0	0.0	0.0	0.0	0.0	0.0	0.0	0.0	0.000811215048039	0.0	0.0	0.0
k__Bacteria;p__Acidobacteria;c__[Chloracidobacteria];o__RB41;f__Ellin6075	0.0	0.0	0.0	0.0	0.0	0.0	0.0	0.0	0.0	0.0	0.0	0.0	0.0	0.0	0.0	0.0	0.0	0.0	0.0	0.0	0.0	0.0	0.0	0.0	0.0	0.0	0.0	0.0	0.0	0.0	0.0	0.0	0.0	0.00129287398281	0.0	0.0	0.0
k__Bacteria;p__Acidobacteria;c__iii1-8;o__DS-18;f__	0.0	0.0	0.0	0.0	0.0	0.0	0.0	0.0	0.0	0.0	0.0	0.0	0.0	0.0	0.0	0.0	0.0	0.0	0.0	0.0	0.0	0.0	0.0	0.0	0.0	0.0	0.0	0.0	0.0	0.0	0.0	0.0	0.0	0.00190128526884	0.0	0.0	0.0
k__Bacteria;p__Actinobacteria;c__;o__;f__	0.0	0.0	0.0	0.0	0.0	0.0	0.0	0.0	0.0	0.0	0.0	0.0	0.0	0.0	0.0	0.0	0.0	0.0	0.0	0.0	0.0	0.0	0.0	0.0	0.0	0.0	0.0	0.0	3.15688951676e-05	0.0	0.0	0.0028338744291	0.0	0.00230689279286	0.0	0.0	0.0
k__Bacteria;p__Actinobacteria;c__Acidimicrobiia;o__Acidimicrobiales;f__EB1017	0.0	0.0	0.0	0.0	0.0	0.0	0.0	0.0	0.0	0.0	0.0	0.0	0.0	0.0	0.0	0.0	0.0	0.0	0.0	0.0	0.0	0.0	0.0	0.0	0.0	0.0	0.0	0.0	0.0	0.0	0.0	0.0	0.0	0.00106471975055	0.0	0.0	0.0
k__Bacteria;p__Actinobacteria;c__Actinobacteria;o__Actinomycetales;f__	0.0	0.0	0.0	0.0	0.0	0.0	0.0	1.35084022262e-05	0.0	0.0	0.0	0.0	0.0	0.0	0.0	0.0	0.0	0.0	0.0	0.0	0.0	1.03759195659e-05	7.61823500731e-06	0.0	0.0	0.0	0.0	0.0	0.0	0.0	0.0	0.0	0.0	0.0	0.0	0.0	0.0
k__Bacteria;p__Actinobacteria;c__Actinobacteria;o__Actinomycetales;f__Actinomycetaceae	0.0	0.0	0.0	0.0	0.0	0.0	0.0	0.0	0.0	0.0	0.0	0.0	9.30293135367e-06	0.0	0.0	2.08294278156e-05	0.0	0.0	0.0	1.1078245649e-05	0.0	0.0	0.0	0.0	0.0	0.000265620530424	1.61347574946e-05	0.0	0.0	8.28850632827e-06	0.0	0.0	0.0	2.53504702512e-05	0.0	1.7455662617e-05	0.0
k__Bacteria;p__Actinobacteria;c__Actinobacteria;o__Actinomycetales;f__Brevibacteriaceae	0.0	0.0	0.0	0.0	0.0	0.0	0.0	0.0	0.0	0.0	0.0	0.0	0.0	0.0	0.0	0.0	0.0	0.0	0.0	0.0	0.0	0.0	0.0	0.0	0.0	0.0	0.0	0.0	0.0	0.0	0.0	0.0	0.0	0.0	0.0	0.000715682167295	0.0
k__Bacteria;p__Actinobacteria;c__Actinobacteria;o__Actinomycetales;f__Cellulomonadaceae	0.0	0.0	0.0	0.0	0.0	0.0	0.0	0.0	0.0	0.0	0.0	0.0	0.0	0.0	0.0	1.04147139078e-05	0.0	0.0	0.0	0.0	0.0	0.0	0.0	0.0	0.0	0.0	0.0	0.0	0.0	0.0	0.0	0.00187090739008	0.00305019305019	0.00116612163156	0.0	0.0	0.0
k__Bacteria;p__Actinobacteria;c__Actinobacteria;o__Actinomycetales;f__Corynebacteriaceae	1.15905745448e-05	0.0	0.0	2.50234594933e-05	2.73390866922e-05	1.6784155757e-05	8.7053415976e-06	1.35084022262e-05	1.13817436831e-05	0.0	0.0	0.0	9.30293135367e-06	0.0	1.96172671185e-05	1.04147139078e-05	1.70273629723e-05	1.00526760224e-05	1.89638170371e-05	3.32347369471e-05	1.75008750438e-05	1.03759195659e-05	7.61823500731e-06	9.94174139542e-06	1.60170421328e-05	0.0	0.000742198844751	0.0	7.8922237919e-06	8.28850632827e-06	0.0	0.0	0.00706563706564	0.000101401881005	0.0	0.00162337662338	0.0
k__Bacteria;p__Actinobacteria;c__Actinobacteria;o__Actinomycetales;f__Dermabacteraceae	0.0	0.0	0.0	0.0	0.0	0.0	0.0	0.0	0.0	0.0	0.0	0.0	0.0	0.0	0.0	0.0	0.0	0.0	0.0	0.0	0.0	0.0	0.0	0.0	0.0	0.000163458787953	0.0	0.0	0.0	0.0	0.000101826081054	0.0	0.0	0.0	0.0	0.0	0.0
k__Bacteria;p__Actinobacteria;c__Actinobacteria;o__Actinomycetales;f__Intrasporangiaceae	0.0	0.0	0.0	0.0	0.0	0.0	0.0	0.0	0.0	0.0	0.0	0.0	0.0	0.0	0.0	0.0	0.0	0.0	0.0	0.0	0.0	0.0	0.0	0.0	0.0	0.0	0.0	0.0	0.0	0.0	0.0	0.000660320255324	0.00644787644788	0.00215478997135	0.0	0.00202485686357	0.0
k__Bacteria;p__Actinobacteria;c__Actinobacteria;o__Actinomycetales;f__Microbacteriaceae	0.0	0.0	0.0	0.0	9.11302889741e-06	0.0	0.0	0.0	0.0	1.17336462306e-05	0.0	0.0	0.0	0.0	0.0	0.0	0.0	0.0	0.0	0.0	0.0	0.0	0.0	0.0	0.0	0.0	0.000274290877408	0.00187023183468	0.0	0.0	0.0	5.50266879437e-05	0.0	0.0	0.0	0.0	0.0
k__Bacteria;p__Actinobacteria;c__Actinobacteria;o__Actinomycetales;f__Micrococcaceae	3.47717236343e-05	0.0	0.0	1.25117297466e-05	9.11302889741e-06	0.0	8.7053415976e-06	0.0	1.13817436831e-05	1.17336462306e-05	0.0	0.0	9.30293135367e-06	2.43297163155e-05	9.80863355926e-06	0.0	0.0	0.0	0.0	2.2156491298e-05	0.0	1.03759195659e-05	7.61823500731e-06	4.97087069771e-06	1.20127815996e-05	2.04323484941e-05	0.000532446997322	0.000777720168876	1.57844475838e-05	8.28850632827e-06	0.0	2.75133439718e-05	0.00243243243243	0.000304205643015	0.0	0.000925150118699	0.0
k__Bacteria;p__Actinobacteria;c__Actinobacteria;o__Actinomycetales;f__Mycobacteriaceae	0.0	0.0	0.0	0.0	0.0	0.0	0.0	0.0	0.0	0.0	0.0	0.0	0.0	0.0	9.80863355926e-06	0.0	0.0	1.00526760224e-05	0.0	0.0	0.0	0.0	0.0	0.0	0.0	0.0	9.68085449676e-05	0.0	0.0	0.0	0.0	0.0	0.0	0.0	0.0	0.0	0.000322022982272
k__Bacteria;p__Actinobacteria;c__Actinobacteria;o__Actinomycetales;f__Sporichthyaceae	0.0	0.0	0.0	0.0	0.0	0.0	0.0	0.0	0.0	0.0	0.0	0.0	0.0	0.0	0.0	0.0	0.0	0.0	0.0	0.0	0.0	0.0	0.0	0.0	0.0	0.0	0.0	0.0	0.0	0.0	0.0	0.0	0.0	0.00121682257206	0.0	0.0	0.0
k__Bacteria;p__Actinobacteria;c__Actinobacteria;o__Bifidobacteriales;f__Bifidobacteriaceae	0.000417260683612	0.000131461708126	0.0	0.0	0.0	0.0	0.0	1.35084022262e-05	0.0	0.0	0.00600076464037	0.002573441521	0.00595387606635	0.00902632475305	0.0106521760454	0.0	8.51368148615e-06	1.00526760224e-05	0.0	3.32347369471e-05	0.0	0.0	0.0	0.0	0.0	0.00083772628826	0.0	0.0	0.0	0.0	0.0	8.25400319155e-05	0.0	0.0	0.013970613537	0.0	0.0
k__Bacteria;p__Actinobacteria;c__Coriobacteriia;o__Coriobacteriales;f__Coriobacteriaceae	0.000718615621776	0.00108090737792	0.000904355034714	0.00156396621833	0.000911302889741	8.39207787848e-05	5.22320495856e-05	4.05252066786e-05	3.41452310494e-05	7.04018773834e-05	0.000132980933859	0.000126562697754	0.000186058627073	2.43297163155e-05	7.84690684741e-05	0.00124976566894	0.00108975123023	0.0011258997145	0.00113782902223	0.00360042983593	0.00098004900245	0.000632931093518	0.00172172111165	0.0010836498121	0.000936996964771	0.0031465816681	0.00122624156959	0.00064810014073	0.00239134380895	0.00188149093652	0.00336026067477	0.00145820723051	0.0	0.00040560752402	0.0	0.000872783130848	0.00161011491136
k__Bacteria;p__Actinobacteria;c__Thermoleophilia;o__;f__	0.0	0.0	0.0	0.0	0.0	0.0	0.0	0.0	0.0	0.0	0.0	0.0	0.0	0.0	0.0	0.0	0.0	0.0	0.0	0.0	0.0	0.0	0.0	0.0	0.0	0.0	0.0	0.0	0.0	0.0	0.0	0.0	3.861003861e-05	0.00144497680432	0.0	0.00111716240748	0.0
k__Bacteria;p__Actinobacteria;c__Thermoleophilia;o__Gaiellales;f__	0.0	0.0	0.0	0.0	0.0	0.0	0.0	0.0	0.0	0.0	0.0	0.0	0.0	0.0	0.0	0.0	0.0	0.0	0.0	0.0	0.0	0.0	0.0	0.0	0.0	0.0	0.0	0.0	0.0	0.0	0.0	0.00189842073406	0.0	0.00263644890613	0.0	0.0	0.0
k__Bacteria;p__Actinobacteria;c__Thermoleophilia;o__Gaiellales;f__Gaiellaceae	0.0	0.0	0.0	0.0	0.0	0.0	0.0	1.35084022262e-05	0.0	0.0	0.0	0.0	0.0	0.0	0.0	0.0	0.0	0.0	0.0	0.0	0.0	0.0	0.0	0.0	4.00426053321e-06	0.0	0.0	0.0	0.0	0.0	0.0	0.000990480382986	0.0	0.000963317869546	0.0	0.0	0.0
k__Bacteria;p__Actinobacteria;c__Thermoleophilia;o__Solirubrobacterales;f__	0.0	0.0	0.0	0.0	0.0	0.0	0.0	0.0	0.0	0.0	0.0	0.0	0.0	0.0	0.0	0.0	0.0	0.0	0.0	0.0	0.0	0.0	0.0	0.0	0.0	0.0	0.0	0.0	0.0	0.0	0.0	0.0	3.861003861e-05	0.00134357492331	0.0	0.00178047758693	0.0
k__Bacteria;p__Armatimonadetes;c__SJA-176;o__RB046;f__	0.0	0.0	0.0	0.0	0.0	0.0	0.0	0.0	0.0	0.0	0.0	0.0	0.0	0.0	0.0	0.0	0.0	0.0	0.0	2.2156491298e-05	0.0	0.0	0.0	0.0	0.0	0.0	0.0	0.0	0.0	0.0	0.0	0.00247620095746	0.0	0.0	0.0	0.0	0.0
k__Bacteria;p__Bacteroidetes;c__Bacteroidia;o__Bacteroidales;Other	5.79528727239e-05	2.92137129168e-05	9.42036494494e-06	6.25586487332e-05	1.82260577948e-05	0.000100704934542	3.48213663904e-05	6.75420111309e-05	2.27634873663e-05	3.52009386917e-05	4.9867850197e-05	5.62500878908e-05	3.72117254147e-05	0.0	1.96172671185e-05	3.12441417234e-05	2.55410444584e-05	3.01580280671e-05	9.48190851855e-06	1.1078245649e-05	8.75043752188e-06	1.03759195659e-05	1.52364700146e-05	2.48543534886e-05	3.60383447989e-05	0.0	0.0	0.0	0.0	0.0	0.0	0.0	0.0	0.0	0.0	0.0	0.0
k__Bacteria;p__Bacteroidetes;c__Bacteroidia;o__Bacteroidales;f__	3.47717236343e-05	0.0	1.88407298899e-05	6.25586487332e-05	1.82260577948e-05	1.6784155757e-05	2.61160247928e-05	2.70168044524e-05	3.41452310494e-05	2.34672924611e-05	3.32452334647e-05	1.40625219727e-05	1.86058627073e-05	0.0	1.96172671185e-05	5.2073569539e-05	1.70273629723e-05	4.02107040894e-05	9.48190851855e-06	3.32347369471e-05	1.75008750438e-05	8.3007356527e-05	3.04729400293e-05	3.97669655817e-05	4.40468658653e-05	0.00202280250092	0.0	3.7034293756e-05	1.57844475838e-05	2.48655189848e-05	0.0	0.0017608540142	0.00169884169884	0.00818820189115	6.88207563401e-05	0.00176302192431	1.69485780143e-05
k__Bacteria;p__Bacteroidetes;c__Bacteroidia;o__Bacteroidales;f__Bacteroidaceae	0.00497235647971	0.00423598837294	0.0087420986689	0.00744447919925	0.0102977226541	0.0221215172877	0.0187251897764	0.0851839844383	0.0106419303437	0.00658257553535	0.0108878139597	0.00662344784914	0.00897732875629	0.0109240426257	0.00839619032673	0.0112166468787	0.00824975736008	0.00812256222606	0.01152051885	0.00568314001795	0.00498774938747	0.00256285213277	0.00520325451	0.00547789950888	0.0270527841623	4.08646969883e-05	0.000225886604924	0.00196281756907	0.00158633698217	0.00200581853144	3.39420270179e-05	0.007813789688	0.00409266409266	0.00159707962583	3.44103781701e-05	3.49113252339e-05	0.00713535134402
k__Bacteria;p__Bacteroidetes;c__Bacteroidia;o__Bacteroidales;f__Marinilabiaceae	0.0	0.0	0.0	0.0	9.11302889741e-06	0.0	0.0	0.0	0.0	0.0	0.0	0.0	0.0	0.0	0.0	0.0	0.0	0.0	9.48190851855e-06	0.0	0.0	0.0	0.0	0.0	0.0	0.0	0.0	0.0	0.0	0.0	0.0	0.0	0.0	0.0	0.0	0.0	0.0
k__Bacteria;p__Bacteroidetes;c__Bacteroidia;o__Bacteroidales;f__Porphyromonadaceae	0.0	0.0	9.42036494494e-06	0.0	1.82260577948e-05	0.0	0.0	1.35084022262e-05	0.0	2.34672924611e-05	0.0	0.0	9.30293135367e-06	0.0	0.0	0.0	8.51368148615e-06	2.01053520447e-05	0.0	1.1078245649e-05	0.0	0.0	0.0	9.94174139542e-06	4.00426053321e-06	0.0	0.0	0.0	0.0	0.0	0.0	0.0	0.0	0.0	3.44103781701e-05	0.0	0.0
k__Bacteria;p__Bacteroidetes;c__Bacteroidia;o__Bacteroidales;f__Prevotellaceae	0.0	1.46068564584e-05	0.0	0.0	1.82260577948e-05	0.0	0.0	1.35084022262e-05	0.0	2.34672924611e-05	0.0	1.40625219727e-05	1.86058627073e-05	0.0	1.96172671185e-05	0.0	2.55410444584e-05	2.01053520447e-05	0.0	1.1078245649e-05	2.62513125656e-05	2.07518391317e-05	7.61823500731e-06	4.97087069771e-06	1.20127815996e-05	2.04323484941e-05	0.0	0.0	7.8922237919e-06	0.0	0.0	0.0	0.0	0.0	3.44103781701e-05	0.0	0.000525405918443
k__Bacteria;p__Bacteroidetes;c__Bacteroidia;o__Bacteroidales;f__Rikenellaceae	0.0247690578022	0.0285710112327	0.0470264618051	0.0454050672505	0.0816162868052	0.110221550856	0.119794205725	0.12651969525	0.0567493740041	0.111457905544	0.0628002460147	0.0887485761697	0.0568316076396	0.108899810228	0.0677580406274	0.0715386698327	0.039980248259	0.0489062688488	0.0699101115072	0.154818482945	0.210491774589	0.122882015419	0.0772412847392	0.148435169904	0.141610673757	0.0232315802378	0.00980993255671	0.0283682690171	0.0332104777163	0.0906348166997	0.0264068970199	0.0425906564684	0.0316602316602	0.0201029229092	0.0242249062317	0.0207198715263	0.0439137656351
k__Bacteria;p__Bacteroidetes;c__Bacteroidia;o__Bacteroidales;f__S24-7	0.450444498534	0.387096303005	0.496198882745	0.55901157335	0.322537431766	0.313494461229	0.397355317223	0.338385475766	0.358718415661	0.331170431211	0.410728236839	0.348145856478	0.312327314337	0.311517687704	0.419201381056	0.464444166719	0.435585485876	0.433079335719	0.473336873246	0.238813741456	0.247514875744	0.136059433267	0.42707825451	0.367491499811	0.520914252765	0.0951738792857	0.612233373132	0.0960484408562	0.43331465507	0.401113975251	0.11883103659	0.40031915479	0.105637065637	0.129236697341	0.172740098414	0.145562770563	0.446154367649
k__Bacteria;p__Bacteroidetes;c__Bacteroidia;o__Bacteroidales;f__SB-1	0.0	1.46068564584e-05	0.0	0.0	0.0	0.0	0.0	0.0	0.0	0.0	0.0	0.0	9.30293135367e-06	0.0	0.0	0.0	0.0	0.0	0.0	0.0	0.0	0.0	0.0	0.0	0.0	0.0	0.0	0.0	0.0	0.0	0.0	0.0	0.0	0.0	0.0	0.0	0.0
k__Bacteria;p__Bacteroidetes;c__Bacteroidia;o__Bacteroidales;f__[Barnesiellaceae]	1.15905745448e-05	0.0	9.42036494494e-06	0.0	0.0	0.0	0.0	0.0	1.13817436831e-05	0.0	1.66226167323e-05	0.0	9.30293135367e-06	0.0	0.0	0.0	0.0	0.0	0.0	0.0	0.0	0.0	0.0	4.97087069771e-06	4.00426053321e-06	0.0	0.0	0.0	0.0	0.0	0.0	0.0	0.0	0.0	0.0	0.0	0.0
k__Bacteria;p__Bacteroidetes;c__Bacteroidia;o__Bacteroidales;f__[Odoribacteraceae]	0.00373216500342	0.0042505952294	0.00663193692124	0.00469189865499	0.00632444205481	0.0178751258812	0.0201093390905	0.0332982114875	0.0117687229684	0.0222939278381	0.0225236456723	0.0196594057178	0.00966574567646	0.0253272346844	0.0134770625104	0.0046657918307	0.00646188424799	0.00781092926937	0.00387810058409	7.75477195431e-05	0.0	0.0	0.0	0.0	4.00426053321e-06	0.000490376363859	0.0	0.0	0.0	1.65770126565e-05	0.0	0.0	0.0	2.53504702512e-05	0.000894669832421	0.0	0.00259313243619
k__Bacteria;p__Bacteroidetes;c__Cytophagia;o__Cytophagales;f__Flammeovirgaceae	0.0	0.0	0.0	0.0	9.11302889741e-06	0.0	0.0	0.0	0.0	0.0	0.0	0.0	0.0	0.0	0.0	0.0	0.0	0.0	0.0	0.0	0.0	1.03759195659e-05	0.0	0.0	0.0	0.0	0.0	0.0	0.0	0.0	0.0	0.0	0.0	0.0	0.0	0.0	0.0
k__Bacteria;p__Bacteroidetes;c__Flavobacteriia;o__Flavobacteriales;f__Flavobacteriaceae	1.15905745448e-05	1.46068564584e-05	9.42036494494e-06	0.0	9.11302889741e-06	1.6784155757e-05	1.74106831952e-05	0.0	2.27634873663e-05	1.17336462306e-05	0.0	0.0	1.86058627073e-05	0.0	0.0	0.0	1.70273629723e-05	2.01053520447e-05	9.48190851855e-06	0.0	2.62513125656e-05	2.07518391317e-05	0.0	1.49126120931e-05	1.60170421328e-05	0.0	0.0	0.0	1.57844475838e-05	8.28850632827e-06	0.00244382594529	2.75133439718e-05	0.0	2.53504702512e-05	3.44103781701e-05	0.00040148024019	0.0
k__Bacteria;p__Bacteroidetes;c__Flavobacteriia;o__Flavobacteriales;f__[Weeksellaceae]	0.0	0.0	0.0	0.0	9.11302889741e-06	0.0	0.0	0.0	0.0	0.0	0.0	0.0	0.0	0.0	0.0	0.0	0.0	0.0	0.0	0.0	0.0	0.0	7.61823500731e-06	9.94174139542e-06	0.0	0.0	0.0	0.0	0.0	0.0	0.00434457945829	0.0	0.0	0.0	0.0017205189085	0.0	0.0
k__Bacteria;p__Bacteroidetes;c__Sphingobacteriia;o__Sphingobacteriales;f__	0.0	0.0	0.0	0.0	0.0	0.0	8.7053415976e-06	1.35084022262e-05	1.13817436831e-05	0.0	0.0	0.0	0.0	0.0	0.0	0.0	8.51368148615e-06	0.0	0.0	0.0	0.0	0.0	0.0	0.0	0.0	0.0	0.0	1.8517146878e-05	0.0	0.0	0.0	0.0	0.0	0.0	0.0	0.0	0.000762686010644
k__Bacteria;p__Bacteroidetes;c__Sphingobacteriia;o__Sphingobacteriales;f__Sphingobacteriaceae	1.15905745448e-05	0.0	9.42036494494e-06	0.0	0.0	0.0	8.7053415976e-06	1.35084022262e-05	0.0	0.0	0.0	0.0	0.0	0.0	0.0	2.08294278156e-05	0.0	0.0	0.0	0.0	0.0	0.0	0.0	0.0	8.00852106641e-06	2.04323484941e-05	0.0	0.0	0.0	1.65770126565e-05	0.0	2.75133439718e-05	0.0	0.0	0.00175492928667	0.0	1.69485780143e-05
k__Bacteria;p__Bacteroidetes;c__[Rhodothermi];o__[Rhodothermales];f__[Balneolaceae]	0.0	0.0	9.42036494494e-06	0.0	0.0	0.0	8.7053415976e-06	1.35084022262e-05	0.0	0.0	0.0	0.0	0.0	0.0	0.0	0.0	0.0	0.0	0.0	0.0	8.75043752188e-06	0.0	0.0	4.97087069771e-06	0.0	0.0	0.0	0.0	0.0	0.0	0.0	0.0	0.0	0.0	0.0	0.0	0.0
k__Bacteria;p__Bacteroidetes;c__[Saprospirae];o__[Saprospirales];f__Chitinophagaceae	2.31811490896e-05	0.0	0.0	0.0	0.0	0.0	0.0	0.0	0.0	0.0	0.0	0.0	0.0	0.0	0.0	0.0	0.0	0.0	9.48190851855e-06	0.0	0.0	0.0	0.0	0.0	0.0	2.04323484941e-05	0.0	0.0	0.0	0.0	0.0	0.0	3.861003861e-05	0.00428422947246	0.0	0.0	0.0
k__Bacteria;p__Bacteroidetes;c__[Saprospirae];o__[Saprospirales];f__Saprospiraceae	0.0	0.0	0.0	0.0	0.0	0.0	0.0	0.0	0.0	0.0	0.0	0.0	0.0	0.0	0.0	0.0	8.51368148615e-06	0.0	0.0	0.0	0.0	0.0	7.61823500731e-06	0.0	0.0	0.0	0.0	0.0	7.10300141271e-05	0.0	0.0	0.0	0.0	0.0	0.0	0.0	0.0
k__Bacteria;p__Caldiserica;c__WCHB1-03;o__;f__	0.0	0.0	0.0	0.0	0.0	0.0	0.0	0.0	0.0	0.0	0.0	0.0	0.0	0.0	0.0	0.0	0.0	0.0	0.0	0.0	0.0	0.0	0.0	0.0	0.0	0.0	0.0	0.0	0.0	0.0	0.0	0.00162328729434	7.72200772201e-05	0.00986133292773	0.0	5.23669878509e-05	0.00144062913122
k__Bacteria;p__Chlorobi;c__BSV26;o__PK329;f__	0.0	0.0	0.0	0.0	0.0	0.0	0.0	0.0	0.0	0.0	0.0	0.0	0.0	0.0	0.0	0.0	0.0	0.0	0.0	0.0	0.0	0.0	0.0	0.0	0.0	0.0	0.0	0.0	0.0	0.0	0.0	0.0	0.00718146718147	0.0	0.0	0.0	0.0
k__Bacteria;p__Chlorobi;c__BSV26;o__VC38;f__	0.0	0.0	0.0	0.0	0.0	0.0	0.0	0.0	0.0	0.0	0.0	1.40625219727e-05	0.0	0.0	0.0	0.0	0.0	0.0	0.0	0.0	0.0	0.0	0.0	0.0	0.0	0.0	0.0	0.0	0.0	0.0	0.0	0.0	0.0	0.00106471975055	0.0	0.0	0.0
k__Bacteria;p__Chlorobi;c__OPB56;o__;f__	0.0	0.0	0.0	0.0	0.0	0.0	0.0	0.0	0.0	0.0	0.0	0.0	0.0	0.0	0.0	0.0	0.0	0.0	0.0	0.0	0.0	0.0	0.0	0.0	0.0	0.0	0.0	0.0	0.0	0.0	0.0	0.0	0.0	0.0	0.0	0.0	0.00105081183689
k__Bacteria;p__Chloroflexi;c__Anaerolineae;o__Anaerolineales;f__Anaerolinaceae	0.0	0.0	0.0	0.0	0.0	0.0	0.0	0.0	0.0	0.0	0.0	0.0	0.0	0.0	0.0	0.0	0.0	0.0	0.0	0.0	0.0	0.0	0.0	0.0	0.0	0.0	0.0	0.0	0.00012627558067	0.0	0.0	0.0	0.0	0.0	0.0	0.0	0.0
k__Bacteria;p__Chloroflexi;c__Anaerolineae;o__GCA004;f__	0.0	0.0	0.0	0.0	0.0	0.0	0.0	0.0	0.0	0.0	0.0	0.0	0.0	0.0	0.0	0.0	0.0	0.0	0.0	0.0	0.0	0.0	0.0	0.0	0.0	0.0	0.0	0.0	0.0	0.0	0.0	0.0	0.0	0.00114077116131	0.0	0.0	0.000542354496458
k__Bacteria;p__Chloroflexi;c__Anaerolineae;o__SBR1031;f__SHA-31	0.0	0.0	0.0	0.0	0.0	0.0	0.0	0.0	0.0	0.0	0.0	0.0	0.0	0.0	0.0	0.0	0.0	0.0	0.0	0.0	0.0	0.0	0.0	0.0	0.0	0.0	0.0	0.0	0.0	0.0	0.0	0.0	0.0	0.0	0.0	0.0	0.00137283481916
k__Bacteria;p__Chloroflexi;c__Anaerolineae;o__SHA-20;f__	0.0	0.0	0.0	0.0	0.0	0.0	0.0	0.0	0.0	0.0	0.0	0.0	0.0	0.0	0.0	0.0	0.0	0.0	0.0	0.0	0.0	0.0	0.0	0.0	0.0	0.00151199378857	0.0	0.0	0.0	0.0	0.0	0.0	0.0	0.0	0.0	0.0	0.0
k__Bacteria;p__Chloroflexi;c__Anaerolineae;o__envOPS12;f__	0.0	0.0	0.0	0.0	0.0	0.0	0.0	0.0	0.0	0.0	0.0	0.0	0.0	0.0	0.0	0.0	0.0	0.0	0.0	0.0	0.0	0.0	0.0	0.0	0.0	0.0	0.0	0.0	0.0	0.0	0.0	0.0	3.861003861e-05	0.00218014044161	0.0	0.0	0.0
k__Bacteria;p__Chloroflexi;c__Dehalococcoidetes;o__GIF9;f__	0.0	0.0	0.0	0.0	0.0	0.0	0.0	0.0	0.0	0.0	0.0	0.0	0.0	0.0	0.0	0.0	0.0	0.0	0.0	0.0	0.0	0.0	0.0	0.0	0.0	0.0	0.0	0.0	0.0	0.0	0.0	0.0	0.0	0.0	0.0	0.0	0.000898274634758
k__Bacteria;p__Chloroflexi;c__Ellin6529;o__;f__	0.0	0.0	0.0	0.0	0.0	0.0	0.0	0.0	0.0	0.0	0.0	0.0	0.0	0.0	0.0	0.0	0.0	0.0	0.0	1.1078245649e-05	0.0	0.0	0.0	0.0	0.0	0.0	0.0	0.0	0.0	0.0	0.0	0.00178836735817	0.0	0.00149567774482	0.0	0.0	0.0
k__Bacteria;p__Cyanobacteria;c__Chloroplast;o__Stramenopiles;f__	0.0	0.0	1.88407298899e-05	0.0	0.0	0.0	0.0	1.35084022262e-05	0.0	0.0	0.0	0.0	0.0	0.0	0.0	0.0	0.0	0.0	0.0	0.0	0.0	0.0	0.0	0.0	4.00426053321e-06	0.0	0.0	0.0	0.0	8.28850632827e-06	0.0	0.0	0.0	0.0	3.44103781701e-05	0.0	0.000610148808515
k__Bacteria;p__Cyanobacteria;c__Chloroplast;o__Streptophyta;f__	3.47717236343e-05	1.46068564584e-05	9.42036494494e-06	5.00469189865e-05	9.11302889741e-06	0.000134273246056	0.000470088446271	0.000108067217809	0.000796722057819	9.38691698445e-05	0.000349074951379	0.000309375483399	0.000241876215195	0.00221400418471	9.80863355926e-05	0.00130183923848	0.000740690289295	0.00114600506655	0.00350830615186	0.00257015299057	0.000315015750788	5.18795978294e-05	0.000281874695271	0.000164038733024	0.000244259892526	0.536001798047	0.0360773177579	0.115713650841	0.0499814532741	0.0171820736185	0.594392777137	0.0666098057558	0.467683397683	0.0510051461455	0.368879253983	0.356078061723	0.166045218806
k__Bacteria;p__Cyanobacteria;c__Oscillatoriophycideae;o__Oscillatoriales;f__Phormidiaceae	0.0	0.0	9.42036494494e-06	0.0	0.0	0.0	0.0	0.0	0.0	0.0	0.0	0.0	0.0	0.0	0.0	0.0	0.0	0.0	0.0	0.0	0.0	0.0	7.61823500731e-06	4.97087069771e-06	0.0	0.0	0.0	0.0	0.0	0.0	0.0	0.0	0.0	0.0	0.0	0.0	0.0
k__Bacteria;p__Cyanobacteria;c__Synechococcophycideae;o__Synechococcales;f__Synechococcaceae	0.0	0.0	0.0	0.0	0.0	0.0	0.0	0.0	0.0	0.0	0.0	0.0	9.30293135367e-06	0.0	0.0	0.0	8.51368148615e-06	1.00526760224e-05	9.48190851855e-06	0.0	0.0	1.03759195659e-05	0.0	0.0	0.0	0.0	0.0	0.0	0.0	0.0	0.0	0.0	0.0	0.0	0.0	0.0	0.0
k__Bacteria;p__Firmicutes;Other;Other;Other	0.0	0.0	0.0	0.0	0.0	0.0	0.0	0.0	0.0	0.0	0.0	0.0	1.86058627073e-05	0.0	0.0	0.0	0.0	0.0	0.0	0.0	0.0	0.0	0.0	0.0	0.0	0.0	0.0	0.0	0.0	0.0	0.0	0.0	0.0	0.0	0.0	0.0	0.0
k__Bacteria;p__Firmicutes;c__Bacilli;Other;Other	0.0	0.0	0.0	0.0	0.0	0.0	0.0	0.0	0.0	0.0	0.0	0.0	2.7908794061e-05	0.0	1.96172671185e-05	0.0	0.0	0.0	0.0	0.0	0.0	0.0	0.0	0.0	0.0	0.0	0.0	0.0	0.0	0.0	0.0	0.0	0.0	0.0	0.0	0.0	0.0
k__Bacteria;p__Firmicutes;c__Bacilli;o__Bacillales;Other	0.0	0.0	0.0	0.0	0.0	0.0	0.0	0.0	0.0	0.0	0.0	0.0	0.0	0.0	0.0	0.0	0.0	0.0	0.0	0.0	0.0	0.0	2.28547050219e-05	0.0	8.00852106641e-06	0.0	0.0	0.0	0.0	0.0	0.0	0.0	0.0	0.0	0.0	0.0	0.0
k__Bacteria;p__Firmicutes;c__Bacilli;o__Bacillales;f__Alicyclobacillaceae	0.0	0.0	0.0	0.0	0.0	0.0	0.0	0.0	0.0	0.0	0.0	0.0	0.0	0.0	0.0	0.0	0.0	0.0	0.0	0.0	0.0	0.0	7.61823500731e-06	0.0	0.0	0.0	1.61347574946e-05	0.0	0.0	8.28850632827e-06	0.0	0.0	0.0	0.0	0.0	0.0	0.0
k__Bacteria;p__Firmicutes;c__Bacilli;o__Bacillales;f__Bacillaceae	0.0	0.0	0.0	0.0	0.0	0.0	0.0	0.0	0.0	0.0	0.0	0.0	0.0	0.0	0.0	0.0	0.0	0.0	0.0	0.0	8.75043752188e-06	0.0	0.0	0.0	0.0	0.0	0.0	0.0	7.8922237919e-06	0.0	0.0	0.0	0.0	0.0	0.0	0.000750593492529	0.0
k__Bacteria;p__Firmicutes;c__Bacilli;o__Bacillales;f__Staphylococcaceae	1.15905745448e-05	1.46068564584e-05	1.88407298899e-05	1.25117297466e-05	0.0	0.0	0.0	0.0	2.27634873663e-05	1.17336462306e-05	0.0	2.81250439454e-05	9.30293135367e-06	0.0	3.9234534237e-05	2.08294278156e-05	4.25684074307e-05	1.00526760224e-05	3.79276340742e-05	6.64694738941e-05	0.0	3.11277586976e-05	0.000388529985373	1.49126120931e-05	6.40681685313e-05	0.00433165788076	0.00196844041434	0.00222205762536	0.00164947477251	0.000406136810085	0.00308872445862	0.00115556044682	0.00189189189189	0.00501939310974	0.00220226420288	0.00534143276079	0.000474560184401
k__Bacteria;p__Firmicutes;c__Bacilli;o__Gemellales;f__	0.0	0.0	0.0	0.0	0.0	0.0	0.0	0.0	0.0	0.0	0.0	0.0	0.0	0.0	0.0	0.0	0.0	0.0	0.0	0.0	0.0	0.0	0.0	0.0	0.0	0.0	0.0	0.0	1.57844475838e-05	0.0	0.0	0.0	0.0	0.0	0.0	0.0	0.0
k__Bacteria;p__Firmicutes;c__Bacilli;o__Gemellales;f__Gemellaceae	0.0	0.0	0.0	1.25117297466e-05	0.0	0.0	0.0	0.0	1.13817436831e-05	0.0	1.66226167323e-05	0.0	0.0	0.0	0.0	0.0	0.0	0.0	0.0	0.0	8.75043752188e-06	0.0	0.0	4.97087069771e-06	4.00426053321e-06	0.0	1.61347574946e-05	0.0	0.0	8.28850632827e-06	0.0	2.75133439718e-05	0.0	0.0	0.0	3.49113252339e-05	0.0
k__Bacteria;p__Firmicutes;c__Bacilli;o__Lactobacillales;f__	0.0	0.0	0.0	0.0	0.0	0.0	0.0	0.0	0.0	0.0	0.0	0.0	0.0	0.0	0.0	0.0	0.0	0.0	0.0	0.0	0.0	0.0	0.0	0.0	0.0	0.0	0.0	0.0	0.0	0.0	0.0	0.0	0.00011583011583	0.0	0.0	0.0	0.0
k__Bacteria;p__Firmicutes;c__Bacilli;o__Lactobacillales;f__Aerococcaceae	0.0	0.0	0.0	0.0	0.0	0.0	0.0	0.0	1.13817436831e-05	0.0	0.0	0.0	0.0	0.0	0.0	0.0	0.0	0.0	0.0	0.0	0.0	0.0	0.0	0.0	0.0	0.0	0.0	0.0	0.0	0.0	0.0	0.000825400319155	0.0	0.0	0.0	0.0	0.0
k__Bacteria;p__Firmicutes;c__Bacilli;o__Lactobacillales;f__Carnobacteriaceae	0.0	0.0	0.0	0.0	0.0	1.6784155757e-05	0.0	0.0	0.0	0.0	0.0	0.0	0.0	0.0	0.0	0.0	0.0	0.0	0.0	0.0	0.0	0.0	0.0	0.0	0.0	0.0	0.0	0.0	0.0	0.0	0.0	0.000577780223408	0.0	0.0	0.0	0.0	0.0
k__Bacteria;p__Firmicutes;c__Bacilli;o__Lactobacillales;f__Enterococcaceae	4.63622981791e-05	1.46068564584e-05	0.0	0.0	9.11302889741e-06	1.6784155757e-05	3.48213663904e-05	5.40336089047e-05	2.27634873663e-05	0.0	0.0	0.0	6.51205194757e-05	0.0	9.80863355926e-06	1.04147139078e-05	1.70273629723e-05	2.01053520447e-05	9.48190851855e-06	0.0	0.0	0.0	9.90370550951e-05	4.97087069771e-06	8.00852106641e-06	0.0	0.0	0.0	0.000228874489965	0.0	0.0	0.000990480382986	0.0	0.0	0.0	0.0	0.0
k__Bacteria;p__Firmicutes;c__Bacilli;o__Lactobacillales;f__Lactobacillaceae	0.0193910312134	0.0150450621522	0.0123783595376	0.0236096340319	0.0201124547766	0.00243370258476	0.00250713838011	0.0103069108986	0.00483724106533	0.0154532120857	0.0169883143004	0.00476719494874	0.0271924683468	0.0124811444699	0.0147227589724	0.0137370076444	0.0047336069063	0.0123547388315	0.0100887506637	0.000232643158629	7.87539376969e-05	0.00115172707181	0.000106655290102	0.000228660052095	0.000504536827184	0.0	1.61347574946e-05	3.7034293756e-05	0.000134167804462	0.000372982784772	0.000882492702464	0.000220106751775	3.861003861e-05	0.0020787385606	0.00216785382471	0.00240888144114	0.00299989830853
k__Bacteria;p__Firmicutes;c__Bacilli;o__Lactobacillales;f__Leuconostocaceae	0.0	0.0	0.0	0.0	0.0	0.0	0.0	0.0	0.0	0.0	0.0	0.0	0.0	0.0	0.0	0.0	0.0	0.0	0.0	0.0	0.0	0.0	0.0	0.0	0.0	0.00392301091087	0.0	0.0	0.0	0.0	0.0	0.0	0.000849420849421	0.0	0.0	0.0	0.000796583166672
k__Bacteria;p__Firmicutes;c__Bacilli;o__Lactobacillales;f__Streptococcaceae	4.63622981791e-05	1.46068564584e-05	4.71018247247e-05	1.25117297466e-05	0.0	1.6784155757e-05	8.7053415976e-06	4.05252066786e-05	4.55269747325e-05	8.2135523614e-05	1.66226167323e-05	2.81250439454e-05	5.5817588122e-05	2.43297163155e-05	9.80863355926e-06	1.04147139078e-05	2.55410444584e-05	4.02107040894e-05	4.74095425927e-05	5.53912282451e-05	8.75043752188e-06	3.11277586976e-05	7.61823500731e-06	2.48543534886e-05	4.00426053321e-05	0.000796861591271	1.61347574946e-05	0.000999925931412	0.0	3.31540253131e-05	0.0	0.000192593407803	0.0116602316602	2.53504702512e-05	0.00980695777847	0.000349113252339	0.00111860614894
k__Bacteria;p__Firmicutes;c__Bacilli;o__Turicibacterales;f__Turicibacteraceae	0.0	1.46068564584e-05	0.0	0.0	0.0	0.0	0.0	0.0	0.0	0.0	8.31130836616e-05	0.000126562697754	0.000130241038951	9.7318865262e-05	1.96172671185e-05	1.04147139078e-05	0.0	0.0	9.48190851855e-06	0.0	0.0	0.0	0.0	0.0	0.0	0.0	0.0	0.0	0.0	8.28850632827e-06	0.0	0.0	0.0	0.0	0.0	0.0	0.0
k__Bacteria;p__Firmicutes;c__Clostridia;o__Clostridiales;Other	0.000440441832702	0.000613487971254	0.000367394232853	0.000237722865186	0.000610572936127	0.000906344410876	0.000931471550944	0.000661911709083	0.00122922831778	0.000539747726606	0.000365697568111	0.000618750966798	0.000762840371001	0.000243297163155	0.000313876273896	0.000447832698036	0.000536361933627	0.000482528449073	0.000445649700372	0.000132938947788	0.000323766188309	0.000383909023937	0.000121891760117	0.000367844431631	0.000172183202928	0.0	0.0	1.8517146878e-05	1.57844475838e-05	5.80195442979e-05	0.0	0.0	3.861003861e-05	2.53504702512e-05	0.0	1.7455662617e-05	0.0
k__Bacteria;p__Firmicutes;c__Clostridia;o__Clostridiales;f__	0.172606836121	0.206760053169	0.203253794052	0.159086643728	0.211486061622	0.154817052702	0.129082805209	0.0742691954396	0.179774641475	0.12161924318	0.104655994947	0.130134578335	0.15531243895	0.222300617975	0.119263175447	0.176612718449	0.200488685317	0.210000402107	0.197441781082	0.368872345375	0.328771438572	0.448883032259	0.312157179425	0.298033523552	0.171049997197	0.122287605737	0.220820291071	0.590604399674	0.302990363595	0.33312335784	0.0945964292988	0.285698563803	0.207683397683	0.498238142318	0.198788754688	0.333857003212	0.112623300905
k__Bacteria;p__Firmicutes;c__Clostridia;o__Clostridiales;f__Christensenellaceae	1.15905745448e-05	0.0	0.0	0.0	0.0	1.6784155757e-05	1.74106831952e-05	0.0	0.0	1.17336462306e-05	6.64904669293e-05	0.0001546877417	4.65146567683e-05	2.43297163155e-05	9.80863355926e-06	1.04147139078e-05	0.0	1.00526760224e-05	0.0	2.2156491298e-05	0.0	0.0	0.0	2.48543534886e-05	7.60809501309e-05	0.0	0.0	0.0	0.0	0.0	0.0	0.0	0.0	0.0	0.0	0.0	0.0
k__Bacteria;p__Firmicutes;c__Clostridia;o__Clostridiales;f__Clostridiaceae	0.0587294412184	0.0580622544222	0.00827108042166	0.00546762589928	0.00737244037801	0.00055387713998	0.000539731179051	0.000648403306857	0.00102435693148	0.000985626283368	0.00149603550591	0.001546877417	0.000883778478599	0.000632572624203	0.000686604349148	0.00922743652232	0.0217524561971	0.0111685230608	0.00662785405446	0.000465286317259	0.000656282814141	0.000798945806572	0.000731350560702	0.00137196031257	0.00117725259676	0.0	1.61347574946e-05	1.8517146878e-05	9.47066855028e-05	0.000207212658207	0.0	5.50266879437e-05	0.00521235521236	0.0010900702208	0.0	0.00169319927384	0.000660994542558
k__Bacteria;p__Firmicutes;c__Clostridia;o__Clostridiales;f__Dehalobacteriaceae	0.00172699560717	0.00181125020084	0.00137537328196	0.000838285893025	0.001777040635	0.00182947297751	0.00138414931402	0.000621386502404	0.00186660596403	0.00222939278381	0.00177861999036	0.00147656480713	0.00137683384034	0.00133813439735	0.000872968386774	0.00170801308088	0.00239234449761	0.00248301097752	0.00156451490556	0.000553912282451	0.000665033251663	0.000923456841363	0.000342820575329	0.000710834509773	0.00084890323304	0.0	0.0	0.0	9.47066855028e-05	0.000605060961964	0.0	0.00154074726242	0.0	0.000228154232261	0.0	0.000139645300936	0.0
k__Bacteria;p__Firmicutes;c__Clostridia;o__Clostridiales;f__Gracilibacteraceae	0.0	0.0	0.0	0.0	0.0	0.0	0.0	0.0	2.27634873663e-05	0.0	0.0	0.0	0.0	0.0	0.0	0.0	0.0	0.0	0.0	2.2156491298e-05	0.0	0.0	0.0	0.0	8.00852106641e-06	0.0	0.0	0.0	0.0	0.0	0.0	0.0	0.0	0.0	0.0	0.0	0.0
k__Bacteria;p__Firmicutes;c__Clostridia;o__Clostridiales;f__Lachnospiraceae	0.0912410028165	0.0781758957655	0.109624786864	0.087456990929	0.152433634367	0.116079221215	0.0989710286232	0.0658669692549	0.101923514682	0.0759636256967	0.0735550790405	0.0699188592482	0.0908152158745	0.0562746338378	0.063403007327	0.130892124393	0.116211752286	0.152840886244	0.129826291436	0.02884775167	0.0234861743087	0.0662709982672	0.0417936372501	0.0318086015947	0.0338119759424	0.0307711168322	0.0558101261738	0.0885675135175	0.0497841476793	0.0414010891097	0.0662548367389	0.0542563143124	0.0157142857143	0.11301239638	0.0614913457899	0.0422950705209	0.0305921833158
k__Bacteria;p__Firmicutes;c__Clostridia;o__Clostridiales;f__Peptococcaceae	0.000370898385433	0.000569667401878	6.59425546146e-05	7.50703784798e-05	0.000300729953615	0.000956696878147	0.000731248694199	0.000540336089047	0.000853630776235	0.00110296274567	0.000681527286025	0.000801563752443	0.000697719851525	0.000510924042626	0.000578709379996	0.000374929700681	0.000417170392821	0.000241264224537	0.000151710536297	9.97042108412e-05	0.000227511375569	0.000321653506542	6.09458800585e-05	0.000576621000935	0.000216230068793	0.0010624821217	0.0	0.0	0.000410395637179	0.00129300698721	0.00461611567443	0.0	0.0	0.00124217304231	0.0	0.0	0.0
k__Bacteria;p__Firmicutes;c__Clostridia;o__Clostridiales;f__Ruminococcaceae	0.0693348169269	0.0818276098801	0.065867191695	0.0403127932437	0.112090255438	0.231336018798	0.16139703322	0.126830388502	0.226382881857	0.277348195952	0.197642912947	0.194498741404	0.200347929633	0.177850226266	0.198644446842	0.0649149117874	0.0956682388598	0.0681269854035	0.0481870590913	0.135431553059	0.132481624081	0.195347437667	0.0973229522184	0.12888473545	0.0847661912275	0.0235584978137	0.0150859982574	0.0289608177172	0.0447489089001	0.0727730855623	0.0143914194556	0.0227535354647	0.00602316602317	0.0290516389079	0.0249819345515	0.0141390867197	0.0169824751703
k__Bacteria;p__Firmicutes;c__Clostridia;o__Clostridiales;f__Veillonellaceae	0.0	0.0	9.42036494494e-06	0.0	0.0	0.0	1.74106831952e-05	0.0	1.13817436831e-05	2.34672924611e-05	1.66226167323e-05	1.40625219727e-05	0.0	2.43297163155e-05	9.80863355926e-06	1.04147139078e-05	0.0	1.00526760224e-05	0.0	0.0	8.75043752188e-06	1.03759195659e-05	7.61823500731e-06	1.49126120931e-05	4.00426053321e-06	0.0	0.0	0.0	0.0	8.28850632827e-06	0.0	0.00115556044682	0.000579150579151	2.53504702512e-05	0.0	3.49113252339e-05	1.69485780143e-05
k__Bacteria;p__Firmicutes;c__Clostridia;o__Clostridiales;f__[Acidaminobacteraceae]	0.0	0.0	1.88407298899e-05	1.25117297466e-05	9.11302889741e-06	0.0	0.0	0.0	3.41452310494e-05	0.0	3.32452334647e-05	0.0	3.72117254147e-05	2.43297163155e-05	1.96172671185e-05	0.0	8.51368148615e-06	1.00526760224e-05	1.89638170371e-05	0.0	0.0	4.15036782635e-05	0.0	1.49126120931e-05	0.0	0.0	1.61347574946e-05	0.0	0.0	4.14425316414e-05	0.0	0.0	3.861003861e-05	0.0	0.0	0.0	1.69485780143e-05
k__Bacteria;p__Firmicutes;c__Clostridia;o__Clostridiales;f__[Mogibacteriaceae]	0.00120541975266	0.0014752925023	0.001026819779	0.00126368470441	0.000893076831947	0.000486740516952	0.000565847203844	0.000162100826714	0.000295925335761	0.000516280434145	0.000415565418308	0.000478125747071	0.000465146567683	0.000194637730524	0.000176555404067	0.00145805994709	0.00148138057859	0.00163858619164	0.00169726162482	4.43129825961e-05	1.75008750438e-05	5.18795978294e-05	3.04729400293e-05	1.49126120931e-05	3.60383447989e-05	0.0	0.0	0.0	0.000418287860971	0.0	0.0	0.0	0.0	0.0	0.0	0.0	0.0
k__Bacteria;p__Firmicutes;c__Erysipelotrichi;o__Erysipelotrichales;f__Erysipelotrichaceae	0.0437544189065	0.0483779085903	0.00287321130821	0.00329058492337	0.00497571377799	0.00582410204767	0.0117522111568	0.0805370940725	0.00416571818803	0.0100674684658	0.0486211539421	0.0421594408741	0.070888336915	0.0195610919177	0.049072593697	0.00155179237226	0.00816462054522	0.00682576701918	0.00256011530001	0.0027806396579	0.000525026251313	0.000902705002231	0.0011427352511	0.00355914341956	0.00832886190907	0.00145069674308	1.61347574946e-05	1.8517146878e-05	0.000205197818589	0.000878581670797	0.0	0.0596489297309	0.0	0.0157172915558	0.0445958501084	0.00668551878229	0.109894579845
k__Bacteria;p__Fusobacteria;c__Fusobacteriia;o__Fusobacteriales;f__	0.0	0.0	0.0	0.0	0.0	0.0	0.0	1.35084022262e-05	1.13817436831e-05	0.0	0.0	0.0	0.0	0.0	0.0	0.0	8.51368148615e-06	0.0	0.0	0.0	8.75043752188e-06	0.0	0.0	0.0	8.00852106641e-06	0.0	1.61347574946e-05	0.0	0.0	0.0	0.0	0.0	0.0	0.0	0.0	0.0	0.0
k__Bacteria;p__Fusobacteria;c__Fusobacteriia;o__Fusobacteriales;f__Fusobacteriaceae	0.0	1.46068564584e-05	0.0	0.0	0.0	0.0	0.0	0.0	1.13817436831e-05	0.0	1.66226167323e-05	0.0	0.0	0.0	0.0	0.0	0.0	0.0	0.0	0.0	8.75043752188e-06	0.0	0.0	4.97087069771e-06	0.0	0.0	0.0	0.0	0.0	0.0	0.0	0.00134815385462	0.0	0.0	0.0	0.0	1.69485780143e-05
k__Bacteria;p__Fusobacteria;c__Fusobacteriia;o__Fusobacteriales;f__Leptotrichiaceae	0.0	0.0	0.0	0.0	0.0	0.0	0.0	0.0	0.0	0.0	0.0	0.0	0.0	0.0	0.0	0.0	0.0	0.0	0.0	0.0	0.0	0.0	1.52364700146e-05	0.0	0.0	0.0	0.0	0.0	0.0	0.0	0.0	0.0	0.0	0.0	0.0	0.0	0.0
k__Bacteria;p__Gemmatimonadetes;c__Gemm-1;o__;f__	0.0	0.0	0.0	0.0	0.0	0.0	0.0	0.0	0.0	0.0	0.0	0.0	0.0	0.0	0.0	0.0	0.0	0.0	0.0	0.0	0.0	0.0	0.0	0.0	0.0	0.0	0.0	0.0	0.0	0.0	0.0	0.0	0.0	0.000557710345527	0.0	0.0	0.0
k__Bacteria;p__Gemmatimonadetes;c__Gemmatimonadetes;o__Gemmatimonadales;f__	0.0	0.0	0.0	0.0	0.0	0.0	0.0	0.0	0.0	0.0	0.0	0.0	0.0	0.0	0.0	0.0	0.0	0.0	0.0	0.0	0.0	0.0	0.0	0.0	0.0	0.0	0.0	0.0	0.0	0.0	0.0	0.0	0.0	0.0	0.0	0.00122189638319	0.0
k__Bacteria;p__Gemmatimonadetes;c__Gemmatimonadetes;o__N1423WL;f__	1.15905745448e-05	0.0	0.0	0.0	0.0	1.6784155757e-05	0.0	1.35084022262e-05	0.0	0.0	0.0	0.0	0.0	0.0	0.0	0.0	8.51368148615e-06	0.0	0.0	0.0	0.0	0.0	0.0	0.0	0.0	0.0	0.0	0.0	0.0	8.28850632827e-06	0.0	0.00134815385462	0.0	0.00915151976069	0.0	0.0	0.0
k__Bacteria;p__Lentisphaerae;c__[Lentisphaeria];o__Z20;f__	0.0	0.0	0.0	0.0	0.0	0.0	0.0	0.0	0.0	0.0	0.0	0.0	0.0	0.0	0.0	0.0	0.0	0.0	0.0	0.0	0.0	0.0	0.0	0.0	0.0	0.0	0.0	0.0	0.0	0.0	0.0	0.000770373631211	0.0	0.0	0.0	0.0	0.0
k__Bacteria;p__Nitrospirae;c__Nitrospira;o__Nitrospirales;f__FW	0.0	0.0	0.0	0.0	0.0	0.0	0.0	0.0	0.0	0.0	0.0	0.0	0.0	0.0	0.0	0.0	0.0	0.0	0.0	0.0	0.0	0.0	0.0	0.0	0.0	0.0	0.0	0.0	3.94611189595e-05	0.0	0.0	0.0	0.0	0.0	0.0	0.0	0.0
k__Bacteria;p__Nitrospirae;c__Nitrospira;o__Nitrospirales;f__Nitrospiraceae	0.0	0.0	0.0	0.0	0.0	0.0	0.0	0.0	0.0	0.0	0.0	0.0	0.0	0.0	0.0	0.0	0.0	1.00526760224e-05	9.48190851855e-06	0.0	0.0	0.0	0.0	0.0	0.0	0.0	0.0	0.0	0.0	0.0	0.0	0.0	0.0	0.0	0.0	0.0	0.0
k__Bacteria;p__Nitrospirae;c__Nitrospira;o__Nitrospirales;f__[Thermodesulfovibrionaceae]	0.0	0.0	0.0	0.0	0.0	0.0	0.0	0.0	0.0	0.0	0.0	0.0	0.0	0.0	0.0	0.0	0.0	0.0	0.0	0.0	0.0	0.0	0.0	0.0	0.0	0.0	0.0	0.0	0.000149952252046	0.0	0.0	0.0	0.0	0.0	0.0	0.0	0.0
k__Bacteria;p__OD1;c__Mb-NB09;o__;f__	1.15905745448e-05	0.0	0.0	0.0	0.0	0.0	0.0	0.0	0.0	0.0	0.0	0.0	0.0	0.0	0.0	0.0	0.0	0.0	0.0	0.0	0.0	0.0	0.0	0.0	4.00426053321e-06	0.0	1.61347574946e-05	0.0	0.0	0.0	0.0	0.0	0.0	0.0	0.0	1.7455662617e-05	0.0
k__Bacteria;p__OD1;c__ZB2;o__;f__	0.0	0.0	0.0	0.0	0.0	0.0	0.0	0.0	0.0	1.17336462306e-05	0.0	1.40625219727e-05	0.0	0.0	0.0	0.0	0.0	0.0	0.0	0.0	0.0	0.0	0.0	0.0	4.00426053321e-06	0.0	0.0	0.0	7.8922237919e-06	0.0	0.0	0.0	0.0	0.0	0.0	0.0	0.0
k__Bacteria;p__OP3;c__BD4-9;o__;f__	0.0	0.0	0.0	0.0	0.0	0.0	0.0	0.0	0.0	0.0	0.0	0.0	0.0	0.0	0.0	0.0	0.0	0.0	0.0	0.0	0.0	0.0	0.0	0.0	0.0	0.0	0.0	0.0	0.0	0.0	0.0	0.0	0.0	0.0	0.0	0.0	0.000203382936172
k__Bacteria;p__OP3;c__koll11;o__GIF10;f__	0.0	0.0	0.0	0.0	0.0	0.0	0.0	2.70168044524e-05	0.0	0.0	0.0	0.0	0.0	0.0	0.0	0.0	0.0	0.0	0.0	0.0	0.0	0.0	0.0	0.0	0.0	0.0	0.0	0.0	0.0	0.0	0.0	0.0	0.0	0.0	0.0	0.0	0.0
k__Bacteria;p__OP8;c__OP8_2;o__;f__	0.0	0.0	0.0	0.0	0.0	0.0	0.0	0.0	0.0	0.0	0.0	0.0	0.0	0.0	0.0	0.0	0.0	0.0	0.0	0.0	0.0	0.0	0.0	0.0	0.0	0.0	0.0	0.0	5.52455665433e-05	0.0	0.0	0.0	0.0	0.000937967399295	0.0	0.0	0.0
k__Bacteria;p__Planctomycetes;c__OM190;o__CL500-15;f__	0.0	0.0	0.0	0.0	0.0	0.0	0.0	0.0	0.0	0.0	0.0	0.0	0.0	0.0	0.0	0.0	0.0	0.0	0.0	0.0	0.0	0.0	0.0	0.0	0.0	0.0	0.0	0.0	0.0	0.0	0.0	0.0	0.0	0.0	0.0	0.0	0.000186434358157
k__Bacteria;p__Planctomycetes;c__Phycisphaerae;o__Pla1;f__	0.0	0.0	0.0	0.0	0.0	0.0	0.0	0.0	0.0	0.0	0.0	0.0	0.0	0.0	0.0	0.0	0.0	0.0	0.0	0.0	0.0	0.0	0.0	0.0	4.00426053321e-06	0.0	0.0	0.0	0.0	0.0	0.0	0.0	0.0	0.0	3.44103781701e-05	0.0	0.0
k__Bacteria;p__Planctomycetes;c__Planctomycetia;o__Gemmatales;f__Gemmataceae	0.0	0.0	0.0	0.0	0.0	0.0	0.0	0.0	0.0	0.0	0.0	0.0	0.0	0.0	0.0	0.0	0.0	0.0	0.0	0.0	0.0	0.0	0.0	0.0	0.0	0.0	0.0	0.0	0.0	0.0	0.0	0.0	0.0	0.000101401881005	0.0	0.0	0.0
k__Bacteria;p__Proteobacteria;c__Alphaproteobacteria;o__;f__	8.11340218135e-05	1.46068564584e-05	0.0	0.0	9.11302889741e-06	0.0	0.0	0.0	0.0	0.000152537400997	1.66226167323e-05	0.000140625219727	9.30293135367e-06	2.43297163155e-05	3.9234534237e-05	0.0	0.0	1.00526760224e-05	0.0	0.0	8.75043752188e-06	0.0	0.0	2.98252241863e-05	3.20340842657e-05	0.0	0.0	0.0	0.0	0.0	0.0	0.0	0.0	0.0	0.0	0.0	0.0
k__Bacteria;p__Proteobacteria;c__Alphaproteobacteria;o__Caulobacterales;f__Caulobacteraceae	0.0	0.0	0.0	0.0	0.0	0.0	0.0	0.0	0.0	0.0	0.0	0.0	0.0	0.0	0.0	0.0	0.0	0.0	0.0	0.0	0.0	0.0	0.0	0.0	0.0	0.000715132197295	0.0	0.0	0.0	0.000323251746803	0.00047518837825	0.0	0.0	0.0	0.0	0.0	0.0
k__Bacteria;p__Proteobacteria;c__Alphaproteobacteria;o__RF32;f__	0.000162268043627	0.000116854851667	4.71018247247e-05	0.000250234594933	0.000200486635743	0.0	8.7053415976e-06	0.0	0.0	0.0	0.0	0.000379688093263	1.86058627073e-05	2.43297163155e-05	9.80863355926e-06	1.04147139078e-05	5.10820889169e-05	4.02107040894e-05	9.48190851855e-06	0.0	5.25026251313e-05	1.03759195659e-05	0.0	0.0	0.000284302497858	0.0	0.0	0.0	0.0	0.0	0.0	0.0	0.0	0.0	0.0	0.0	0.000457611606386
k__Bacteria;p__Proteobacteria;c__Alphaproteobacteria;o__Rhizobiales;f__	0.0	0.0	0.0	0.0	0.0	0.0	0.0	0.0	0.0	0.0	3.32452334647e-05	0.0	0.0	2.43297163155e-05	0.0	0.0	8.51368148615e-06	0.0	0.0	0.0	0.0	0.0	0.0	0.0	0.0	0.0	0.0	0.0	0.0	0.0	0.0	0.0	0.0	0.0	0.0	0.0	0.0
k__Bacteria;p__Proteobacteria;c__Alphaproteobacteria;o__Rhizobiales;f__Bradyrhizobiaceae	0.0	0.0	0.0	0.0	0.0	0.0	0.0	0.0	0.0	1.17336462306e-05	0.0	0.0	0.0	0.0	9.80863355926e-06	1.04147139078e-05	0.0	0.0	0.0	0.0	0.0	0.0	1.52364700146e-05	0.0	4.00426053321e-06	0.00145069674308	1.61347574946e-05	0.000536997259462	0.0	0.0	0.00366573891793	0.0	0.0	0.00179988338784	0.00767351433192	0.0	0.0
k__Bacteria;p__Proteobacteria;c__Alphaproteobacteria;o__Rhizobiales;f__Brucellaceae	0.0	0.0	0.0	0.0	0.0	0.0	0.0	0.0	0.0	0.0	0.0	0.0	0.0	0.0	0.0	0.0	0.0	0.0	0.0	0.0	0.0	0.0	0.0	0.0	0.0	0.0	0.0	0.0	0.0	0.0	0.0	0.0	0.0	0.0	0.0	0.0	0.0010677604149
k__Bacteria;p__Proteobacteria;c__Alphaproteobacteria;o__Rhizobiales;f__Hyphomicrobiaceae	0.0	0.0	0.0	0.0	0.0	0.0	0.0	0.0	0.0	0.0	0.0	0.0	0.0	0.0	0.0	0.0	0.0	0.0	0.0	0.0	0.0	1.03759195659e-05	0.0	0.0	0.0	0.0	0.0	0.0	0.000220982266173	0.000198924151879	0.0	0.0	0.0	5.07009405024e-05	0.0	0.0	0.000169485780143
k__Bacteria;p__Proteobacteria;c__Alphaproteobacteria;o__Rhizobiales;f__Methylobacteriaceae	0.0	0.0	0.0	0.0	0.0	0.0	0.0	0.0	0.0	0.0	0.0	0.0	9.30293135367e-06	0.0	0.0	0.0	0.0	0.0	0.0	1.1078245649e-05	0.0	0.0	0.0	0.0	8.00852106641e-06	0.0	0.0	0.0	0.000142060028254	0.0	0.0	0.00324657458868	0.00150579150579	0.0	3.44103781701e-05	1.7455662617e-05	0.000338971560286
k__Bacteria;p__Proteobacteria;c__Alphaproteobacteria;o__Rhizobiales;f__Phyllobacteriaceae	0.0	0.0	0.0	0.0	0.0	0.0	1.74106831952e-05	0.0	0.0	0.0	0.0	0.0	0.0	0.0	0.0	0.0	0.0	2.01053520447e-05	0.0	0.0	0.0	0.0	0.0	0.0	0.0	0.0	0.0	0.0	0.0	0.0	0.0	0.0	0.0	0.0	0.0	0.0	0.0
k__Bacteria;p__Proteobacteria;c__Alphaproteobacteria;o__Rhizobiales;f__Rhizobiaceae	0.0	0.0	0.0	0.0	0.0	0.0	0.0	0.0	0.0	0.0	0.0	0.0	0.0	2.43297163155e-05	0.0	0.0	1.70273629723e-05	0.0	0.0	0.0	0.0	0.0	0.0	0.0	4.00426053321e-06	0.0	0.0	0.0	0.0	0.0	0.00736541986287	0.0	0.0	0.00167313103658	0.0	0.0	0.0
k__Bacteria;p__Proteobacteria;c__Alphaproteobacteria;o__Rhodobacterales;f__Rhodobacteraceae	1.15905745448e-05	0.0	0.0	0.0	0.0	0.0	0.0	0.0	0.0	0.0	0.0	0.0	9.30293135367e-06	2.43297163155e-05	0.0	0.0	0.0	0.0	0.0	0.0	8.75043752188e-06	0.0	0.0	4.97087069771e-06	4.00426053321e-06	2.04323484941e-05	0.0	0.0	0.0	0.0	0.0	0.0	0.0	0.00114077116131	0.00278724063177	0.00127426337104	0.000491508762415
k__Bacteria;p__Proteobacteria;c__Alphaproteobacteria;o__Rhodospirillales;f__Acetobacteraceae	0.0	0.0	0.0	0.0	0.0	0.0	0.0	0.0	0.0	0.0	0.0	0.0	0.0	0.0	0.0	1.04147139078e-05	0.0	0.0	0.0	0.0	0.0	0.0	0.0	0.0	0.0	0.0	0.0	0.0	0.0	0.000281809215161	0.0	0.0	0.0	0.0	3.44103781701e-05	0.00328166457199	0.0
k__Bacteria;p__Proteobacteria;c__Alphaproteobacteria;o__Rhodospirillales;f__Rhodospirillaceae	0.0	0.0	0.0	1.25117297466e-05	0.0	0.0	0.0	0.0	0.0	0.0	0.0	0.0	0.0	2.43297163155e-05	0.0	0.0	0.0	0.0	0.0	0.0	0.0	0.0	0.0	0.0	0.0	0.0	0.0	0.0	0.0	0.0	0.0	0.0	0.00482625482625	0.0	0.0	0.0	0.0
k__Bacteria;p__Proteobacteria;c__Alphaproteobacteria;o__Rickettsiales;f__	0.0	0.0	0.0	0.0	0.0	0.0	0.0	0.0	0.0	0.0	0.0	0.0	9.30293135367e-06	0.0	0.0	0.0	0.0	0.0	0.0	0.0	0.0	0.0	0.0	0.0	4.00426053321e-06	0.0	1.61347574946e-05	0.0	0.0	5.80195442979e-05	0.0	0.0	0.0	0.0	0.0	0.0	0.0
k__Bacteria;p__Proteobacteria;c__Alphaproteobacteria;o__Rickettsiales;f__Rickettsiaceae	0.0	0.0	0.0	0.0	0.0	1.6784155757e-05	0.0	0.0	0.0	0.0	0.0	0.0	0.0	0.0	0.0	0.0	0.0	0.0	0.0	1.1078245649e-05	0.0	0.0	7.61823500731e-06	0.0	0.0	0.0	0.0	0.0	0.0	0.0	0.0	0.0	0.0	0.0	0.0	0.0	0.0
k__Bacteria;p__Proteobacteria;c__Alphaproteobacteria;o__Rickettsiales;f__mitochondria	0.0	0.0	0.0	0.0	0.0	1.6784155757e-05	0.0	0.0	0.0	0.0	0.0	0.0	9.30293135367e-06	0.0	0.0	6.24882834469e-05	8.51368148615e-06	0.0	9.48190851855e-05	0.000132938947788	0.0	0.0	0.0	0.0	1.20127815996e-05	0.0248457357689	0.00262996547162	3.7034293756e-05	0.00202830151452	0.000505598886025	0.0101147240513	0.00173334067023	0.0230501930502	0.00517149593125	0.0101510615602	0.0194805194805	0.0030846411986
k__Bacteria;p__Proteobacteria;c__Alphaproteobacteria;o__Sphingomonadales;f__	0.0	0.0	9.42036494494e-06	0.0	0.0	0.0	0.0	0.0	0.0	0.0	0.0	2.81250439454e-05	0.0	0.0	0.0	0.0	0.0	0.0	0.0	0.0	0.0	0.0	0.0	0.0	0.0	0.0	0.0	0.0	0.0	0.0	0.0	0.0	0.0	0.0	0.0	0.0	0.0
k__Bacteria;p__Proteobacteria;c__Alphaproteobacteria;o__Sphingomonadales;f__Erythrobacteraceae	0.0	0.0	0.0	0.0	0.0	0.0	8.7053415976e-06	0.0	0.0	0.0	0.0	0.0	0.0	0.0	0.0	0.0	0.0	0.0	0.0	1.1078245649e-05	8.75043752188e-06	1.03759195659e-05	0.0	9.94174139542e-06	4.00426053321e-06	2.04323484941e-05	0.0	1.8517146878e-05	0.0	8.28850632827e-06	0.0	0.0	0.0	0.0	0.0	0.0	0.0
k__Bacteria;p__Proteobacteria;c__Alphaproteobacteria;o__Sphingomonadales;f__Sphingomonadaceae	0.0	0.0	1.88407298899e-05	1.25117297466e-05	1.82260577948e-05	1.6784155757e-05	0.0	2.70168044524e-05	2.27634873663e-05	0.0	0.0	1.40625219727e-05	1.86058627073e-05	0.0	0.0	0.0	8.51368148615e-06	0.0	9.48190851855e-06	1.1078245649e-05	0.0	1.03759195659e-05	7.61823500731e-06	4.97087069771e-06	1.20127815996e-05	0.0	1.61347574946e-05	0.00177764610029	9.47066855028e-05	1.65770126565e-05	0.00213834770212	0.0	0.0	0.0	0.00808643886996	0.00150118698506	0.00247449239009
k__Bacteria;p__Proteobacteria;c__Betaproteobacteria;Other;Other	0.0	0.0	0.0	0.0	0.0	0.0	0.0	0.0	0.0	0.0	0.0	0.0	0.0	0.0	0.0	0.0	0.0	0.0	0.0	0.0	0.0	0.0	0.0	0.0	0.0	0.0	0.0	0.0	3.94611189595e-05	0.0	0.0	0.0	0.0	0.00159707962583	0.0	0.0	0.0
k__Bacteria;p__Proteobacteria;c__Betaproteobacteria;o__;f__	0.0	0.0	0.0	0.0	0.0	0.0	0.0	0.0	0.0	0.0	0.0	0.0	0.0	0.0	0.0	0.0	0.0	0.0	0.0	0.0	0.0	0.0	0.0	0.0	0.0	0.0	0.0	0.0	9.47066855028e-05	0.0	0.0	0.0	0.0	0.00147032727457	0.0	0.0	0.00138978339717
k__Bacteria;p__Proteobacteria;c__Betaproteobacteria;o__Burkholderiales;Other	1.15905745448e-05	1.46068564584e-05	0.0	0.0	9.11302889741e-06	0.0	0.0	0.0	0.0	0.0	0.0	0.0	0.0	0.0	0.0	1.04147139078e-05	0.0	0.0	0.0	0.0	0.0	0.0	0.0	0.0	0.0	0.0	0.0	0.0	0.0	0.0	0.0	0.0	0.0	0.0	0.0	0.0	0.0
k__Bacteria;p__Proteobacteria;c__Betaproteobacteria;o__Burkholderiales;f__	0.0	0.0	0.0	0.0	0.0	0.0	1.74106831952e-05	0.0	0.0	0.0	0.0	0.0	0.0	0.0	0.0	0.0	0.0	0.0	0.0	0.0	0.0	1.03759195659e-05	0.0	0.0	0.0	0.0	0.0	0.0	7.8922237919e-06	0.0	0.0	0.0	0.0	0.0	0.0	0.0	0.0
k__Bacteria;p__Proteobacteria;c__Betaproteobacteria;o__Burkholderiales;f__Alcaligenaceae	0.0181972020353	0.0121675114299	0.00575584298136	0.0089333750391	0.00853890807688	3.35683115139e-05	3.48213663904e-05	8.10504133571e-05	0.0	0.000105602816075	0.000299207101182	0.000548438356935	0.000288390871964	0.00128947496472	0.00148110366745	0.00371805286509	0.00340547259446	0.00393059632474	0.0026075248426	6.64694738941e-05	0.0	0.0	0.0	0.0	0.0	0.00275836704671	0.0	0.0	0.0	0.0	0.0	2.75133439718e-05	0.0	0.000430957994271	0.000447334916211	3.49113252339e-05	0.000711840276601
k__Bacteria;p__Proteobacteria;c__Betaproteobacteria;o__Burkholderiales;f__Burkholderiaceae	0.0	0.0	0.0	0.0	0.0	0.0	8.7053415976e-06	0.0	0.0	0.0	0.0	0.0	0.0	0.0	0.0	0.0	0.0	0.0	0.0	0.0	0.0	0.0	0.0	0.0	0.0	0.0	0.0	0.0	0.0	0.0	0.0	0.0	0.0	0.0	0.0	0.00495740818321	0.0
k__Bacteria;p__Proteobacteria;c__Betaproteobacteria;o__Burkholderiales;f__Comamonadaceae	1.15905745448e-05	1.46068564584e-05	1.88407298899e-05	2.50234594933e-05	2.73390866922e-05	0.0	0.0	0.0	0.0	1.17336462306e-05	1.66226167323e-05	1.40625219727e-05	0.0	0.0	1.96172671185e-05	0.0	2.55410444584e-05	1.00526760224e-05	0.0	3.32347369471e-05	8.75043752188e-06	4.15036782635e-05	7.61823500731e-06	1.49126120931e-05	8.00852106641e-06	0.0	0.0	1.8517146878e-05	7.8922237919e-06	2.48655189848e-05	0.00166315932387	0.00137566719859	0.00328185328185	0.00474053793698	0.0	0.0	1.69485780143e-05
k__Bacteria;p__Proteobacteria;c__Betaproteobacteria;o__Burkholderiales;f__Oxalobacteraceae	0.0	0.0	0.0	0.0	0.0	0.0	0.0	0.0	2.27634873663e-05	0.0	4.9867850197e-05	0.0	0.0	0.0	9.80863355926e-06	0.0	0.0	0.0	0.0	0.0	0.0	0.0	7.61823500731e-06	4.97087069771e-06	4.00426053321e-06	0.0	0.0	0.0	0.000189413371006	0.0	0.0	0.000247620095746	3.861003861e-05	0.00398002382944	0.00664120298682	0.00137899734674	0.000779634588658
k__Bacteria;p__Proteobacteria;c__Betaproteobacteria;o__Ellin6067;f__	0.0	0.0	0.0	0.0	0.0	0.0	0.0	0.0	0.0	0.0	0.0	0.0	0.0	0.0	0.0	0.0	0.0	0.0	0.0	0.0	0.0	0.0	0.0	0.0	0.0	0.0	0.0	0.0	0.000149952252046	0.0	0.0	0.0	0.0	0.0	0.0	0.0	0.0
k__Bacteria;p__Proteobacteria;c__Betaproteobacteria;o__Gallionellales;f__Gallionellaceae	0.0	0.0	0.0	0.0	0.0	0.0	0.0	0.0	0.0	0.0	0.0	0.0	0.0	0.0	0.0	0.0	0.0	0.0	0.0	0.0	0.0	0.0	0.0	0.0	0.0	0.0	0.0	0.0	0.0	0.0	0.0	0.0	0.0	0.000177453291759	0.0	0.0	0.0
k__Bacteria;p__Proteobacteria;c__Betaproteobacteria;o__Hydrogenophilales;f__Hydrogenophilaceae	0.0	0.0	0.0	0.0	0.0	0.0	0.0	0.0	0.0	0.0	0.0	0.0	0.0	0.0	0.0	0.0	8.51368148615e-06	0.0	0.0	0.0	0.0	0.0	0.0	0.0	0.0	0.0	0.0	0.0	8.68144617109e-05	0.0	0.0	0.0	0.0	0.0	0.0	0.0	0.000508457340429
k__Bacteria;p__Proteobacteria;c__Betaproteobacteria;o__Methylophilales;f__Methylophilaceae	0.0	0.0	0.0	0.0	9.11302889741e-06	0.0	0.0	0.0	0.0	1.17336462306e-05	0.0	0.0	0.0	0.0	0.0	0.0	0.0	0.0	0.0	0.0	0.0	0.0	0.0	0.0	0.0	0.0	0.0	0.0	0.000157844475838	0.0	0.0	0.0	0.0	0.00157172915558	0.0	0.0	0.0
k__Bacteria;p__Proteobacteria;c__Betaproteobacteria;o__Neisseriales;f__Neisseriaceae	2.31811490896e-05	0.0	0.0	0.0	9.11302889741e-06	0.0	8.7053415976e-06	0.0	1.13817436831e-05	0.0	1.66226167323e-05	0.0	0.0	0.0	0.0	0.0	8.51368148615e-06	0.0	2.84457255556e-05	0.0	8.75043752188e-06	2.07518391317e-05	1.52364700146e-05	9.94174139542e-06	2.0021302666e-05	2.04323484941e-05	1.61347574946e-05	0.0	7.8922237919e-06	0.0	0.0	0.0	0.00034749034749	5.07009405024e-05	0.0	0.0	0.0
k__Bacteria;p__Proteobacteria;c__Betaproteobacteria;o__Procabacteriales;f__Procabacteriaceae	2.31811490896e-05	0.0	0.0	1.25117297466e-05	0.0	0.0	8.7053415976e-06	1.35084022262e-05	1.13817436831e-05	0.0	0.0	0.0	0.0	0.0	0.0	0.0	1.70273629723e-05	0.0	0.0	0.0	8.75043752188e-06	0.0	7.61823500731e-06	0.0	4.00426053321e-06	0.0	0.0	0.0	7.8922237919e-06	0.0	0.0	0.0	0.0	2.53504702512e-05	0.0	0.0	0.0
k__Bacteria;p__Proteobacteria;c__Betaproteobacteria;o__Rhodocyclales;f__Rhodocyclaceae	2.31811490896e-05	2.92137129168e-05	9.42036494494e-05	3.75351892399e-05	2.73390866922e-05	3.35683115139e-05	2.61160247928e-05	2.70168044524e-05	5.69087184157e-05	5.86682311528e-05	0.0	2.81250439454e-05	3.72117254147e-05	0.0	9.80863355926e-06	5.2073569539e-05	5.9595770403e-05	3.01580280671e-05	3.79276340742e-05	3.32347369471e-05	5.25026251313e-05	8.3007356527e-05	3.80911750366e-05	2.98252241863e-05	2.40255631992e-05	0.00163458787953	0.0	1.8517146878e-05	3.94611189595e-05	4.14425316414e-05	0.0	8.25400319155e-05	0.0030888030888	0.0010393692803	3.44103781701e-05	1.7455662617e-05	0.00176265211349
k__Bacteria;p__Proteobacteria;c__Betaproteobacteria;o__SBla14;f__	0.0	0.0	0.0	0.0	0.0	0.0	0.0	0.0	0.0	0.0	0.0	0.0	0.0	0.0	9.80863355926e-06	0.0	0.0	0.0	0.0	0.0	0.0	0.0	0.0	0.0	0.0	0.0	0.0	0.0	3.15688951676e-05	0.0	0.0	0.0	3.861003861e-05	0.00286460313839	0.0	0.0	0.0
k__Bacteria;p__Proteobacteria;c__Betaproteobacteria;o__SC-I-84;f__	0.0	0.0	0.0	0.0	0.0	0.0	0.0	0.0	0.0	0.0	0.0	0.0	0.0	0.0	0.0	0.0	0.0	0.0	0.0	0.0	0.0	0.0	0.0	0.0	0.0	0.0	0.0	0.00164802607214	0.0	0.0	0.0	0.0	0.0	0.0	0.0	0.0	0.0
k__Bacteria;p__Proteobacteria;c__Deltaproteobacteria;o__BPC076;f__	0.0	0.0	0.0	0.0	0.0	0.0	0.0	0.0	0.0	0.0	0.0	0.0	0.0	0.0	0.0	0.0	0.0	0.0	0.0	0.0	0.0	0.0	0.0	0.0	0.0	0.0	0.0	0.0	0.0	0.0	0.0	0.0	0.0	0.00083656551829	0.0	0.0	0.0
k__Bacteria;p__Proteobacteria;c__Deltaproteobacteria;o__Bdellovibrionales;f__Bacteriovoracaceae	0.0	0.0	0.0	0.0	0.0	0.0	0.0	1.35084022262e-05	0.0	0.0	0.0	0.0	0.0	0.0	0.0	0.0	0.0	0.0	0.0	0.0	0.0	0.0	0.0	0.0	4.00426053321e-06	0.0	0.0	0.0	0.0	0.0	0.0	0.0	0.0	0.0	0.0	0.0	0.0
k__Bacteria;p__Proteobacteria;c__Deltaproteobacteria;o__Bdellovibrionales;f__Bdellovibrionaceae	0.0	0.0	0.0	0.0	0.0	0.0	0.0	0.0	0.0	0.0	0.0	0.0	0.0	0.0	0.0	0.0	0.0	0.0	0.0	0.0	0.0	0.0	0.0	0.0	0.0	0.0	0.0	0.0	0.0	0.0	0.0	0.0	0.0	0.0	0.0	0.0	0.000813531744687
k__Bacteria;p__Proteobacteria;c__Deltaproteobacteria;o__Desulfarculales;f__Desulfarculaceae	0.0	0.0	0.0	0.0	0.0	0.0	0.0	0.0	0.0	0.0	0.0	0.0	0.0	0.0	0.0	0.0	0.0	0.0	0.0	0.0	0.0	0.0	0.0	0.0	0.0	0.0	0.0	0.0	0.0	0.0	0.0	0.0	0.0	0.0	0.0	0.0	0.000627097386529
k__Bacteria;p__Proteobacteria;c__Deltaproteobacteria;o__Desulfobacterales;f__Desulfobulbaceae	0.0	0.0	0.0	1.25117297466e-05	9.11302889741e-06	0.0	8.7053415976e-06	1.35084022262e-05	0.0	0.0	0.0	0.0	0.0	0.0	0.0	0.0	0.0	0.0	0.0	0.0	1.75008750438e-05	0.0	0.0	0.0	0.0	0.00392301091087	1.61347574946e-05	0.0	7.8922237919e-06	0.0	0.0	0.0	0.0	0.0	0.0	0.0	1.69485780143e-05
k__Bacteria;p__Proteobacteria;c__Deltaproteobacteria;o__Desulfovibrionales;f__Desulfomicrobiaceae	0.0	0.0	0.0	1.25117297466e-05	0.0	0.0	0.0	0.0	0.0	0.0	0.0	0.0	0.0	0.0	0.0	0.0	0.0	0.0	0.0	0.0	0.0	0.0	0.0	0.0	4.00426053321e-06	0.0	0.0	0.0	0.0	0.0	0.0	0.0	0.0	0.0	0.0	0.0	0.0
k__Bacteria;p__Proteobacteria;c__Deltaproteobacteria;o__Desulfovibrionales;f__Desulfovibrionaceae	0.011915110632	0.0278552752662	0.0178327508408	0.0402252111354	0.0171233812982	0.0154917757637	0.0289365554704	0.00587615496839	0.0318461188254	0.0172132590202	0.0319652919763	0.0229640983814	0.0369512433368	0.0263247530534	0.0225304312856	0.021912558062	0.0361405779087	0.0201656681008	0.0244538420693	0.0376771134523	0.0262425621281	0.017161770962	0.0283017430522	0.00669079195912	0.00217831773006	0.0632994156348	0.0337539126787	0.0271831716169	0.0691437726408	0.0305597228323	0.0024777679723	0.00751114290431	0.0	0.0164271047228	0.0	0.000715682167295	0.00286430968442
k__Bacteria;p__Proteobacteria;c__Deltaproteobacteria;o__Desulfuromonadales;f__Desulfuromonadaceae	0.0	0.0	0.0	1.25117297466e-05	0.0	1.6784155757e-05	0.0	0.0	0.0	0.0	0.0	0.0	1.86058627073e-05	0.0	0.0	1.04147139078e-05	1.70273629723e-05	0.0	9.48190851855e-06	0.0	8.75043752188e-06	1.03759195659e-05	7.61823500731e-06	4.97087069771e-06	0.0	0.0	0.0	0.0	1.57844475838e-05	0.0	0.0	0.0	0.0	0.0	0.0	0.0	0.0
k__Bacteria;p__Proteobacteria;c__Deltaproteobacteria;o__Desulfuromonadales;f__Geobacteraceae	0.000231811490896	0.000131461708126	0.000131885109229	0.000275258054426	0.000109356346769	0.000117489090299	7.83480743784e-05	0.000243151240071	0.000330070566811	0.000140803754767	0.000166226167323	0.000253125395508	0.000158149833012	0.000145978297893	0.000117703602711	0.00023953841988	0.000229869400126	0.000160842816358	0.000208601987408	0.00022156491298	0.000201260063003	0.000321653506542	0.000137128230132	0.000154096991629	0.00021222580826	0.000102161742471	0.000193617089935	0.000111102881268	0.000189413371006	0.000207212658207	6.78840540357e-05	0.000110053375887	0.00030888030888	0.000278855172763	0.00017205189085	0.000122189638319	0.00159316633334
k__Bacteria;p__Proteobacteria;c__Deltaproteobacteria;o__Desulfuromonadales;f__Pelobacteraceae	0.0	0.0	0.0	0.0	0.0	0.0	0.0	0.0	1.13817436831e-05	0.0	0.0	0.0	0.0	0.0	0.0	0.0	8.51368148615e-06	0.0	0.0	0.0	0.0	0.0	0.0	0.0	0.0	0.0	0.0	0.0	0.0	0.0	0.0	0.0	0.0	0.0	0.0	0.0	0.0
k__Bacteria;p__Proteobacteria;c__Deltaproteobacteria;o__GMD14H09;f__	1.15905745448e-05	0.0	0.0	0.0	0.0	0.0	0.0	0.0	0.0	0.0	0.0	0.0	0.0	0.0	0.0	0.0	0.0	1.00526760224e-05	0.0	0.0	0.0	0.0	0.0	0.0	0.0	0.0	0.0	0.0	0.0	0.0	0.0	0.0	0.0	0.0	0.0	0.0	0.0
k__Bacteria;p__Proteobacteria;c__Deltaproteobacteria;o__MBNT15;f__	0.0	0.0	0.0	0.0	0.0	0.0	8.7053415976e-06	1.35084022262e-05	0.0	0.0	0.0	0.0	0.0	0.0	0.0	0.0	0.0	0.0	0.0	0.0	0.0	0.0	0.0	0.0	4.00426053321e-06	0.00169588492501	1.61347574946e-05	0.0	0.0	0.0	0.0	0.0	0.0	0.0	0.0	0.0	0.0
k__Bacteria;p__Proteobacteria;c__Deltaproteobacteria;o__Myxococcales;f__	0.0	0.0	0.0	0.0	0.0	0.0	0.0	0.0	0.0	0.0	0.0	0.0	0.0	0.0	0.0	0.0	0.0	0.0	0.0	0.0	0.0	0.0	0.0	0.0	0.0	0.0	0.00188776662687	0.0	0.0	0.0	0.0	0.0	0.0	0.0	0.0	0.000192012288786	0.00128809192909
k__Bacteria;p__Proteobacteria;c__Deltaproteobacteria;o__Myxococcales;f__Haliangiaceae	0.0	0.0	0.0	0.0	0.0	0.0	0.0	0.0	1.13817436831e-05	0.0	0.0	0.0	0.0	0.0	0.0	0.0	0.0	0.0	0.0	0.0	0.0	0.0	0.0	0.0	0.0	0.0	0.0	0.0	7.8922237919e-06	0.0	0.0	0.0	0.0	0.0	0.0	0.0	0.0
k__Bacteria;p__Proteobacteria;c__Deltaproteobacteria;o__Myxococcales;f__Myxococcaceae	0.0	0.0	0.0	0.0	0.0	0.0	0.0	0.0	1.13817436831e-05	0.0	0.0	0.0	0.0	0.0	0.0	0.0	0.0	0.0	0.0	0.0	0.0	0.0	0.0	0.0	0.0	0.0	0.0	0.0	0.0	0.0	0.0	0.0	0.0	0.0	0.0	0.0	0.000966068946815
k__Bacteria;p__Proteobacteria;c__Deltaproteobacteria;o__Syntrophobacterales;f__Syntrophaceae	0.0	1.46068564584e-05	0.0	0.0	0.0	0.0	0.0	0.0	3.41452310494e-05	0.0	0.0	0.0	9.30293135367e-06	0.0	0.0	1.04147139078e-05	0.0	0.0	0.0	1.1078245649e-05	8.75043752188e-06	2.07518391317e-05	1.52364700146e-05	0.0	4.00426053321e-06	0.0	0.0	0.0	0.000244658937549	8.28850632827e-06	0.0	0.00360424806031	0.0	0.00347301442442	0.0	0.0	0.0015423205993
k__Bacteria;p__Proteobacteria;c__Deltaproteobacteria;o__[Entotheonellales];f__[Entotheonellaceae]	0.0	0.0	0.0	1.25117297466e-05	0.0	0.0	0.0	0.0	0.0	0.0	0.0	0.0	0.0	0.0	0.0	0.0	0.0	0.0	0.0	0.0	0.0	0.0	0.0	4.97087069771e-06	0.0	0.0	0.0	0.0	0.0	0.0	0.0	0.0	0.0	0.0	0.0	0.0	0.0
k__Bacteria;p__Proteobacteria;c__Epsilonproteobacteria;o__Campylobacterales;f__Campylobacteraceae	1.15905745448e-05	0.0	0.0	2.50234594933e-05	0.0	0.0	0.0	0.0	1.13817436831e-05	0.0	1.66226167323e-05	0.0	0.0	0.0	0.0	1.04147139078e-05	8.51368148615e-06	2.01053520447e-05	9.48190851855e-06	0.0	0.0	1.03759195659e-05	1.52364700146e-05	4.97087069771e-06	4.00426053321e-06	0.0	0.0	0.0	7.8922237919e-06	0.0	0.0	2.75133439718e-05	0.0	0.0	0.0	1.7455662617e-05	0.0
k__Bacteria;p__Proteobacteria;c__Epsilonproteobacteria;o__Campylobacterales;f__Helicobacteraceae	5.79528727239e-05	0.0	1.88407298899e-05	5.00469189865e-05	3.64521155897e-05	0.0	8.7053415976e-06	5.40336089047e-05	1.13817436831e-05	3.52009386917e-05	0.0	4.21875659181e-05	1.86058627073e-05	0.0	9.80863355926e-06	3.12441417234e-05	1.70273629723e-05	1.00526760224e-05	5.68914511113e-05	5.53912282451e-05	8.75043752188e-06	0.000114135115225	7.61823500731e-06	1.49126120931e-05	3.20340842657e-05	0.00206366719791	4.84042724838e-05	1.8517146878e-05	1.57844475838e-05	8.28850632827e-06	0.0	0.0	0.0	2.53504702512e-05	0.0	0.0	3.38971560286e-05
k__Bacteria;p__Proteobacteria;c__Gammaproteobacteria;o__;f__	0.0	0.0	9.42036494494e-06	0.0	0.0	0.0	0.0	0.0	0.0	0.0	0.0	0.0	0.0	0.0	0.0	0.0	0.0	0.0	9.48190851855e-06	0.0	0.0	0.0	0.0	0.0	0.0	0.0	0.0	0.0	0.0	0.0	0.0	0.0	0.0	0.0	0.0	0.0	0.0
k__Bacteria;p__Proteobacteria;c__Gammaproteobacteria;o__34P16;f__	0.0	0.0	0.0	1.25117297466e-05	0.0	0.0	0.0	0.0	0.0	0.0	0.0	0.0	0.0	0.0	0.0	0.0	0.0	0.0	0.0	0.0	0.0	1.03759195659e-05	0.0	4.97087069771e-06	0.0	0.0	0.0	0.0	0.0	0.0	0.0	0.0	0.0	0.0	0.0	0.0	0.0
k__Bacteria;p__Proteobacteria;c__Gammaproteobacteria;o__Aeromonadales;f__Aeromonadaceae	0.0	0.0	0.0	0.0	0.0	0.0	0.0	1.35084022262e-05	0.0	1.17336462306e-05	0.0	0.0	0.0	0.0	0.0	0.0	0.0	0.0	0.0	0.0	8.75043752188e-06	0.0	7.61823500731e-06	0.0	0.0	0.0	0.0	0.0	0.0	0.0	0.0	0.0	0.0	0.0	0.0	0.0	0.0
k__Bacteria;p__Proteobacteria;c__Gammaproteobacteria;o__Alteromonadales;Other	0.0	0.0	0.0	0.0	0.0	0.0	0.0	0.0	0.0	0.0	0.0	0.0	0.0	0.0	0.0	0.0	0.0	0.0	0.0	1.1078245649e-05	0.0	0.0	0.0	0.0	0.0	0.0	0.0	0.0	0.0	0.0	0.0	0.00170582732625	0.0	0.0	0.0	0.0	0.0
k__Bacteria;p__Proteobacteria;c__Gammaproteobacteria;o__Alteromonadales;f__Alteromonadaceae	2.31811490896e-05	0.0	0.0	1.25117297466e-05	1.82260577948e-05	0.0	8.7053415976e-06	0.0	0.0	0.0	1.66226167323e-05	2.81250439454e-05	0.0	0.0	0.0	0.0	8.51368148615e-06	0.0	0.0	1.1078245649e-05	1.75008750438e-05	1.03759195659e-05	7.61823500731e-06	0.0	1.60170421328e-05	0.0	0.0	1.8517146878e-05	0.0	1.65770126565e-05	0.0	0.0	0.0	0.0	0.0	6.98226504678e-05	0.0
k__Bacteria;p__Proteobacteria;c__Gammaproteobacteria;o__Alteromonadales;f__HTCC2188	0.0	0.0	0.0	1.25117297466e-05	0.0	0.0	0.0	1.35084022262e-05	1.13817436831e-05	0.0	0.0	0.0	0.0	0.0	0.0	0.0	0.0	0.0	0.0	1.1078245649e-05	0.0	0.0	0.0	0.0	0.0	0.0	0.0	0.0	0.0	0.0	0.0	0.0	0.0	0.0	0.0	0.0	1.69485780143e-05
k__Bacteria;p__Proteobacteria;c__Gammaproteobacteria;o__Alteromonadales;f__Shewanellaceae	1.15905745448e-05	0.0	9.42036494494e-06	0.0	0.0	0.0	2.61160247928e-05	0.0	1.13817436831e-05	0.0	0.0	0.0	9.30293135367e-06	0.0	0.0	0.0	0.0	0.0	0.0	0.0	0.0	1.03759195659e-05	0.0	4.97087069771e-06	0.0	0.0	0.0	0.0	0.0	0.0	0.0	0.0	0.0	0.0	0.0	0.0	0.000779634588658
k__Bacteria;p__Proteobacteria;c__Gammaproteobacteria;o__Alteromonadales;f__[Chromatiaceae]	0.0	0.0	0.0	1.25117297466e-05	0.0	0.0	0.0	0.0	0.0	0.0	0.0	1.40625219727e-05	0.0	0.0	0.0	0.0	8.51368148615e-06	0.0	0.0	0.0	0.0	0.0	0.0	4.97087069771e-06	0.0	0.0	0.0	0.000944374490778	0.0	8.28850632827e-06	0.0	2.75133439718e-05	0.00146718146718	0.0	0.0	0.000925150118699	0.000525405918443
k__Bacteria;p__Proteobacteria;c__Gammaproteobacteria;o__Chromatiales;f__	0.0	0.0	0.0	0.0	9.11302889741e-06	0.0	0.0	0.0	0.0	0.0	0.0	0.0	0.0	0.0	9.80863355926e-06	0.0	0.0	0.0	0.0	0.0	0.0	0.0	0.0	4.97087069771e-06	0.0	0.0	0.0	3.7034293756e-05	0.0	0.0	0.0	0.0	0.0	0.0	0.0	0.0	0.0
k__Bacteria;p__Proteobacteria;c__Gammaproteobacteria;o__Chromatiales;f__Chromatiaceae	0.0	0.0	0.0	0.0	0.0	0.0	0.0	0.0	2.27634873663e-05	0.0	0.0	0.0	0.0	0.0	0.0	0.0	0.0	0.0	0.0	1.1078245649e-05	0.0	0.0	0.0	0.0	0.0	0.0	0.0	0.0	0.0	0.0	0.0	0.0	0.0	0.0	0.0	0.0	0.0
k__Bacteria;p__Proteobacteria;c__Gammaproteobacteria;o__Chromatiales;f__Ectothiorhodospiraceae	0.0	0.0	0.0	0.0	0.0	0.0	0.0	2.70168044524e-05	0.0	0.0	0.0	0.0	0.0	0.0	0.0	0.0	0.0	0.0	0.0	0.0	8.75043752188e-06	1.03759195659e-05	0.0	4.97087069771e-06	0.0	0.0	0.0	0.0	0.0	0.0	0.0	0.0	0.0	0.0	0.0	0.0	0.0
k__Bacteria;p__Proteobacteria;c__Gammaproteobacteria;o__Enterobacteriales;f__Enterobacteriaceae	0.000139086894537	0.000306743985627	0.000160146204064	0.000275258054426	0.000164034520153	0.00093991272239	0.00240267428094	0.0426730426325	0.00206009560665	0.000269873863303	0.00242690204292	0.0035015679712	0.000437237773622	0.0028222470926	0.000500240311522	0.000510320981483	0.000136218903778	4.02107040894e-05	0.000113782902223	0.000753320704133	0.000533776688834	0.000404660863069	0.00137128230132	0.000159067862327	0.000172183202928	0.00469944015365	0.00098422020717	0.0009258573439	0.000552455665433	9.1173569611e-05	3.39420270179e-05	0.000770373631211	0.00521235521236	0.00372651912693	0.0240184439627	0.0019550342131	0.00216941798583
k__Bacteria;p__Proteobacteria;c__Gammaproteobacteria;o__HOC36;f__	0.0	0.0	0.0	0.0	0.0	0.0	0.0	0.0	0.0	0.0	0.0	0.0	0.0	0.0	0.0	0.0	0.0	0.0	0.0	0.0	0.0	0.0	0.0	0.0	0.0	0.000980752727719	0.0	0.0	0.0	0.0	0.0	0.0	0.0	0.0	0.0	0.0	0.000423714450358
k__Bacteria;p__Proteobacteria;c__Gammaproteobacteria;o__Legionellales;f__	0.0	0.0	0.0	0.0	0.0	0.0	0.0	0.0	0.0	0.0	0.0	0.0	0.0	0.0	9.80863355926e-06	0.0	0.0	0.0	0.0	0.0	0.0	0.0	0.0	0.0	0.0	0.0	0.0	0.0	0.0	8.28850632827e-06	0.0	0.0	0.0	0.0	0.0	0.0	0.0
k__Bacteria;p__Proteobacteria;c__Gammaproteobacteria;o__Legionellales;f__Coxiellaceae	0.0	0.0	0.0	0.0	0.0	0.0	0.0	0.0	0.0	0.0	0.0	0.0	0.0	0.0	0.0	0.0	0.0	0.0	0.0	0.0	0.0	0.0	0.0	0.0	0.0	0.0	0.0	0.00148137175024	0.0	0.0	0.0	0.0	0.0	0.0	0.0	0.0	0.0
k__Bacteria;p__Proteobacteria;c__Gammaproteobacteria;o__Legionellales;f__Legionellaceae	0.0	0.0	9.42036494494e-06	0.0	0.0	0.0	0.0	0.0	0.0	0.0	0.0	0.0	0.0	0.0	0.0	0.0	0.0	1.00526760224e-05	0.0	0.0	0.0	0.0	0.0	0.0	0.0	0.0	0.0	0.0	0.0	0.0	0.0	0.000770373631211	0.0	0.0	0.0	0.0	0.0
k__Bacteria;p__Proteobacteria;c__Gammaproteobacteria;o__Methylococcales;f__Crenotrichaceae	0.0	0.0	0.0	0.0	0.0	0.0	0.0	0.0	0.0	0.0	0.0	0.0	0.0	0.0	0.0	0.0	8.51368148615e-06	0.0	0.0	0.0	0.0	0.0	7.61823500731e-06	0.0	0.0	0.0	0.0	0.0	0.0	0.0	0.0	0.0	0.0	0.00233224326311	0.0	0.0	0.0
k__Bacteria;p__Proteobacteria;c__Gammaproteobacteria;o__Oceanospirillales;f__	1.15905745448e-05	0.0	0.0	0.0	0.0	0.0	8.7053415976e-06	0.0	0.0	0.0	0.0	0.0	0.0	0.0	0.0	0.0	0.0	1.00526760224e-05	0.0	1.1078245649e-05	0.0	0.0	0.0	0.0	0.0	0.0	0.0	0.0	0.0	0.0	0.0	0.0	0.0	0.0	0.0	0.0	0.0
k__Bacteria;p__Proteobacteria;c__Gammaproteobacteria;o__Oceanospirillales;f__Alcanivoracaceae	1.15905745448e-05	0.0	9.42036494494e-06	1.25117297466e-05	9.11302889741e-06	0.0	1.74106831952e-05	1.35084022262e-05	1.13817436831e-05	3.52009386917e-05	1.66226167323e-05	1.40625219727e-05	9.30293135367e-06	0.0	1.96172671185e-05	0.0	2.55410444584e-05	0.0	2.84457255556e-05	1.1078245649e-05	8.75043752188e-06	1.03759195659e-05	2.28547050219e-05	0.0	4.00426053321e-06	0.0	0.0	0.0	3.94611189595e-05	0.0	0.0	2.75133439718e-05	3.861003861e-05	0.0	0.0	1.7455662617e-05	3.38971560286e-05
k__Bacteria;p__Proteobacteria;c__Gammaproteobacteria;o__PYR10d3;f__	1.15905745448e-05	0.0	0.0	0.0	0.0	1.6784155757e-05	0.0	0.0	1.13817436831e-05	0.0	0.0	0.0	0.0	0.0	0.0	0.0	8.51368148615e-06	1.00526760224e-05	0.0	0.0	0.0	0.0	0.0	4.97087069771e-06	4.00426053321e-06	0.0	0.0	0.0	0.0	0.0	0.0	0.0	0.0	0.0	0.0	0.0	0.0
k__Bacteria;p__Proteobacteria;c__Gammaproteobacteria;o__Pasteurellales;f__Pasteurellaceae	1.15905745448e-05	0.0	0.0	0.0	1.82260577948e-05	0.0	0.0	2.70168044524e-05	1.13817436831e-05	1.17336462306e-05	0.0	0.0	0.0	0.0	9.80863355926e-06	2.08294278156e-05	8.51368148615e-06	0.0	9.48190851855e-06	0.0	0.0	0.0	7.61823500731e-06	1.49126120931e-05	4.00426053321e-06	0.0	1.61347574946e-05	0.0	0.0	8.28850632827e-06	0.0	0.0	0.0	0.0	3.44103781701e-05	1.7455662617e-05	0.0
k__Bacteria;p__Proteobacteria;c__Gammaproteobacteria;o__Pseudomonadales;f__Moraxellaceae	0.0	0.0	0.0	0.0	0.0	1.6784155757e-05	0.0	1.35084022262e-05	0.0	0.0	3.32452334647e-05	0.0	9.30293135367e-06	0.0	9.80863355926e-06	4.16588556312e-05	0.0	0.0	2.84457255556e-05	1.1078245649e-05	1.75008750438e-05	0.0	0.0	1.49126120931e-05	8.00852106641e-06	0.000715132197295	0.00242021362419	0.00318494926302	0.0	0.000174058632894	0.00943588351096	0.00189842073406	0.00030888030888	2.53504702512e-05	0.00178933966484	0.00450356095517	0.000830480322701
k__Bacteria;p__Proteobacteria;c__Gammaproteobacteria;o__Pseudomonadales;f__Pseudomonadaceae	1.15905745448e-05	0.0	9.42036494494e-06	0.0	1.82260577948e-05	0.0	3.48213663904e-05	0.0	1.13817436831e-05	1.17336462306e-05	3.32452334647e-05	1.40625219727e-05	3.72117254147e-05	0.000121648581578	9.80863355926e-06	6.24882834469e-05	8.51368148615e-06	5.02633801118e-05	5.68914511113e-05	2.2156491298e-05	2.62513125656e-05	3.11277586976e-05	1.52364700146e-05	1.49126120931e-05	8.00852106641e-06	0.0182256548568	0.00253315692665	0.00344418931931	0.00175996590559	0.000745965569545	0.0179553322924	0.00489737522699	0.0471814671815	0.00965852916572	0.00939403324043	0.0121840525066	0.00877936341141
k__Bacteria;p__Proteobacteria;c__Gammaproteobacteria;o__Thiotrichales;f__Piscirickettsiaceae	0.0	0.0	9.42036494494e-06	0.0	0.0	0.0	8.7053415976e-06	0.0	0.0	0.0	0.0	0.0	0.0	0.0	0.0	0.0	0.0	0.0	0.0	0.0	0.0	0.0	0.0	0.0	0.0	0.0	0.0	0.0	0.0	0.0	0.0	0.0	0.0	0.0	0.0	0.0	0.0
k__Bacteria;p__Proteobacteria;c__Gammaproteobacteria;o__Vibrionales;f__Pseudoalteromonadaceae	0.0	0.0	0.0	0.0	0.0	0.0	0.0	0.0	0.0	1.17336462306e-05	0.0	0.0	0.0	0.0	9.80863355926e-06	0.0	0.0	0.0	0.0	0.0	0.0	0.0	0.0	0.0	0.0	0.0	0.0	0.0	0.0	0.0	0.0	0.0	0.0	0.0	0.0	0.0	0.0
k__Bacteria;p__Proteobacteria;c__Gammaproteobacteria;o__Xanthomonadales;f__Sinobacteraceae	0.0	0.0	0.0	0.0	0.0	0.0	0.0	0.0	0.0	0.0	0.0	0.0	0.0	0.0	0.0	0.0	0.0	0.0	0.0	0.0	0.0	0.0	0.0	0.0	0.0	0.0	0.0	0.0	0.0	0.0	0.0	0.0	0.0	0.0	0.0	0.0	0.00191518931562
k__Bacteria;p__Proteobacteria;c__Gammaproteobacteria;o__Xanthomonadales;f__Xanthomonadaceae	0.0	0.0	0.0	0.0	0.0	0.0	0.0	0.0	0.0	0.0	0.0	0.0	0.0	0.0	0.0	0.0	0.0	0.0	0.0	0.0	0.0	2.07518391317e-05	0.0	0.0	0.0	0.0	0.0	0.0	4.73533427514e-05	0.00077083108853	0.0	2.75133439718e-05	0.00555984555985	0.000253504702512	0.0	0.0	0.00122029761703
k__Bacteria;p__Proteobacteria;c__Gammaproteobacteria;o__[Marinicellales];f__[Marinicellaceae]	0.0	0.0	0.0	0.0	0.0	0.0	0.0	0.0	0.0	0.0	0.0	0.0	0.0	0.0	0.0	0.0	0.0	0.0	0.0	0.0	0.0	0.0	0.0	0.0	0.0	0.0	0.0	0.0	0.0	0.0	0.0	0.0	0.0	0.0	0.0	0.0	0.000728788854615
k__Bacteria;p__Spirochaetes;c__Spirochaetes;o__Spirochaetales;f__Spirochaetaceae	0.0	0.0	0.0	0.0	0.0	0.0	8.7053415976e-06	0.0	0.0	0.0	0.0	0.0	0.0	0.0	0.0	0.0	0.0	0.0	0.0	0.0	0.0	0.0	0.0	0.0	0.0	0.0	0.0	0.0	0.0	0.0	0.0	0.0	0.0	0.0	0.0	0.0	0.000762686010644
k__Bacteria;p__Synergistetes;c__Synergistia;o__Synergistales;f__Dethiosulfovibrionaceae	0.0	0.0	0.0	0.0	0.0	0.0	0.0	0.0	0.0	0.0	0.0	0.0	0.0	0.0	0.0	0.0	0.0	0.0	0.0	0.0	0.0	0.0	0.0	0.0	0.0	0.00163458787953	0.0	0.0	0.0	0.0	0.0	0.0	0.0	0.0	0.0	0.0	0.0
k__Bacteria;p__TM7;c__SC3;o__;f__	0.0	0.0	0.0	0.0	0.0	0.0	8.7053415976e-06	1.35084022262e-05	0.0	0.0	0.0	0.0	0.0	0.0	0.0	0.0	0.0	0.0	0.0	0.0	0.0	1.03759195659e-05	0.0	4.97087069771e-06	0.0	0.0	0.0	0.0	0.0	0.0	0.0	0.0	0.0	0.00134357492331	0.0	0.0	0.0
k__Bacteria;p__TM7;c__TM7-3;o__CW040;f__F16	3.47717236343e-05	4.38205693753e-05	9.42036494494e-06	2.50234594933e-05	7.29042311793e-05	3.35683115139e-05	8.7053415976e-06	0.0	3.41452310494e-05	9.38691698445e-05	0.000182848784056	8.43751318361e-05	3.72117254147e-05	0.0	1.96172671185e-05	5.2073569539e-05	8.51368148615e-05	5.02633801118e-05	0.000123264810741	0.0	0.0	1.03759195659e-05	7.61823500731e-06	0.0	8.00852106641e-06	0.0	0.0	0.0	0.0	1.65770126565e-05	0.0	0.0	0.0	0.0	0.0	0.000209467951403	0.0
k__Bacteria;p__Tenericutes;c__Mollicutes;o__Anaeroplasmatales;f__Anaeroplasmataceae	0.00970131089398	0.0349980280744	0.00642468889245	0.00560525492649	0.0348026573592	0.000218194024841	1.74106831952e-05	0.0	2.27634873663e-05	0.0	0.0	4.21875659181e-05	3.72117254147e-05	0.0	4.90431677963e-05	0.0137994959278	0.00392480716511	0.0052173388556	0.0071588409315	0.0149445533805	0.0189184459223	0.00249022069581	0.00209501462701	0.0023860179349	0.00232247110926	0.00410690204732	0.0	0.0	0.00119961801637	0.00116039088596	6.78840540357e-05	0.00299895449293	0.0	0.000430957994271	0.0	0.000157100963553	0.00227110945392
k__Bacteria;p__Tenericutes;c__Mollicutes;o__RF39;f__	0.00389443304705	0.000701129110004	0.000508699707027	0.000475445730372	0.00110267649659	1.6784155757e-05	0.0	1.35084022262e-05	0.0	0.0	0.000199471400788	0.000379688093263	0.000344208460086	0.000243297163155	3.9234534237e-05	0.000104147139078	0.00622350116637	9.04740842012e-05	0.000161192444815	0.000764398949782	0.000105005250263	3.11277586976e-05	0.000106655290102	0.000154096991629	0.000164174681862	0.000510808712353	0.0	0.0	7.10300141271e-05	0.0	0.0	0.000275133439718	0.0	0.0	0.0	0.0	0.000491508762415
k__Bacteria;p__Verrucomicrobia;c__Opitutae;o__;f__	0.0	0.0	0.0	0.0	0.0	0.0	0.0	0.0	0.0	0.0	0.0	0.0	0.0	0.0	0.0	0.0	0.0	0.0	9.48190851855e-06	0.0	0.0	0.0	0.0	0.0	4.00426053321e-06	0.0	0.0	0.0	0.0	0.0	0.0	0.0	0.0	0.0	0.0	0.0	0.0
k__Bacteria;p__Verrucomicrobia;c__Verrucomicrobiae;o__Verrucomicrobiales;f__Verrucomicrobiaceae	0.00795113413772	0.00213260104293	0.00116812525317	0.000875821082265	0.0010479983232	0.0	0.0	0.0	0.0	1.17336462306e-05	0.000548546352167	0.0538735216774	0.0140288204813	0.00647170453993	0.00358015124913	0.00123935095503	0.00204328355668	0.000703687321565	0.00038875824926	0.000121860702139	0.0	1.03759195659e-05	0.0	0.0	0.0	0.0	0.0	0.0	7.8922237919e-06	0.0	0.0	0.000110053375887	0.0	0.0	0.0	0.0	0.0
k__Bacteria;p__Verrucomicrobia;c__[Pedosphaerae];o__[Pedosphaerales];Other	0.0	0.0	0.0	0.0	0.0	0.0	0.0	0.0	0.0	0.0	0.0	0.0	0.0	0.0	0.0	0.0	0.0	0.0	0.0	0.0	0.0	0.0	0.0	0.0	0.0	0.0	0.0	0.0	0.0	0.0	0.0	0.0	0.0	0.00040560752402	0.0	0.0	0.0
k__Bacteria;p__Verrucomicrobia;c__[Pedosphaerae];o__[Pedosphaerales];f__R4-41B	0.0	0.0	0.0	0.0	0.0	0.0	0.0	0.0	0.0	0.0	0.0	0.0	0.0	0.0	0.0	0.0	0.0	0.0	0.0	0.0	0.0	0.0	0.0	0.0	0.0	0.0	0.0	0.0	0.0	0.0	0.0	0.0	0.0	0.0	0.0	0.0	0.00098301752483
k__Bacteria;p__Verrucomicrobia;c__[Spartobacteria];o__[Chthoniobacterales];f__[Chthoniobacteraceae]	0.0	0.0	0.0	0.0	0.0	0.0	8.7053415976e-06	0.0	0.0	0.0	0.0	0.0	0.0	0.0	0.0	0.0	0.0	0.0	0.0	0.0	8.75043752188e-06	0.0	0.0	0.0	0.0	0.0	0.0	0.0	0.0	0.0	0.0	0.0	0.0	0.00192663573909	0.0	0.0	0.0
k__Bacteria;p__WS1;c__;o__;f__	0.0	0.0	0.0	0.0	0.0	0.0	0.0	0.0	0.0	0.0	0.0	0.0	0.0	0.0	0.0	0.0	0.0	0.0	0.0	0.0	0.0	0.0	0.0	0.0	0.0	0.0	0.0	0.0	0.0	0.0	0.0	0.0	0.00482625482625	0.0	0.0	0.0	0.0
