Taxon	HC.F1	HC.F2	HC.F3	HC.F4	HC.F5	Glut.F1	Glut.F2	Glut.F3	Glut.F5	Chow.F1	Chow.F2	Chow.F3	Chow.KO.F2	Chow.M1	Chow.M2	Chow.KO.M2
Unassigned;Other;Other;Other;Other	0.00142812884896	0.0010291566725	0.00139653405639	0.00129180845802	0.00146978299086	0.000226014238897	0.00021725577617	0.000368128272251	0.00166064177729	0.000912672935786	0.000761984243254	0.000778248774672	0.00254643149165	0.000896226415094	0.001515489191	0.000917652365288
k__Archaea;p__Euryarchaeota;c__Methanobacteria;o__Methanobacteriales;f__Methanobacteriaceae	0.0	0.0	0.0	0.0	0.0	0.0	0.00165303307955	0.0	0.0	0.0	0.0	0.0	0.0	0.0	0.0	0.0
k__Bacteria;p__Actinobacteria;c__Actinobacteria;o__Actinomycetales;f__Corynebacteriaceae	0.0	0.0	9.06840296355e-06	0.0	7.20481858267e-06	0.000472575226785	0.0	0.0	0.0	0.0	0.0	0.0	0.0	0.0	0.0	0.0
k__Bacteria;p__Actinobacteria;c__Actinobacteria;o__Actinomycetales;f__Micrococcaceae	7.55623729608e-06	0.0	0.0	0.0	0.0	0.0	0.0	1.36343804538e-05	0.0	0.0	4.53562049556e-06	0.0	0.0	0.0	0.0	1.55534299201e-05
k__Bacteria;p__Actinobacteria;c__Actinobacteria;o__Actinomycetales;f__Pseudonocardiaceae	0.0	0.0	0.0	0.0	0.0	0.0	0.000122796743053	0.0	0.0	0.0	0.0	0.0	0.0	0.0	0.0	0.0
k__Bacteria;p__Actinobacteria;c__Actinobacteria;o__Bifidobacteriales;f__Bifidobacteriaceae	0.195207834307	0.0638492119482	0.229657305052	0.105072009094	0.0774734142194	0.000410934979813	0.000443957455651	2.04515706806e-05	0.0	2.51771844355e-05	2.26781024778e-05	4.13962114187e-05	3.89362613402e-05	0.0204339622642	0.0128593715177	0.000101097294481
k__Bacteria;p__Actinobacteria;c__Coriobacteriia;o__Coriobacteriales;f__Coriobacteriaceae	0.000287137017251	0.000224090565787	9.06840296355e-05	0.000339561080395	0.000129686734488	1.02733744953e-05	0.00065176732851	2.04515706806e-05	2.02517289914e-05	0.000327303397661	0.000408205844601	0.00120876937343	0.000482809640618	0.000367924528302	0.000512591932249	0.000933205795208
k__Bacteria;p__Bacteroidetes;c__Bacteroidia;o__Bacteroidales;Other	0.0	0.0	0.0	0.0	0.0	0.0	0.0	0.0	0.0	0.0	0.0	0.0	1.55745045361e-05	0.0	0.0	0.0
k__Bacteria;p__Bacteroidetes;c__Bacteroidia;o__Bacteroidales;f__Bacteroidaceae	0.00144324132355	0.000995958070165	0.00106100314674	0.00116631849353	0.00135450589354	0.031755000565	0.0638070768708	0.0025359947644	0.000860698482133	0.0014917481778	0.001528504107	0.000918995893496	0.00534984230814	0.000820754716981	0.00110690141891	0.00114317709913
k__Bacteria;p__Bacteroidetes;c__Bacteroidia;o__Bacteroidales;f__Porphyromonadaceae	2.26687118882e-05	0.0	0.0	2.21452878518e-05	6.4843367244e-05	0.00194166777962	0.00810458504147	9.54406631763e-05	1.01258644957e-05	0.0	2.26781024778e-05	8.27924228375e-06	0.0	0.0	0.0	3.11068598403e-05
k__Bacteria;p__Bacteroidetes;c__Bacteroidia;o__Bacteroidales;f__Prevotellaceae	5.28936610725e-05	1.65993011694e-05	1.81368059271e-05	0.000118108201876	2.88192743307e-05	0.0173106360246	1.88918066235e-05	1.36343804538e-05	2.02517289914e-05	3.14714805443e-05	2.72137229734e-05	0.0	4.67235136082e-05	4.71698113208e-05	4.45732114999e-05	7.77671496007e-06
k__Bacteria;p__Bacteroidetes;c__Bacteroidia;o__Bacteroidales;f__Rikenellaceae	2.26687118882e-05	4.14982529236e-05	5.44104177813e-05	0.000236216403753	2.1614455748e-05	0.00569144947041	0.0202331248937	0.000831697207679	0.00222769018905	0.000144768810504	0.00012246175338	0.000231818783945	0.0336565043025	2.83018867925e-05	0.000126290765916	0.000202194588962
k__Bacteria;p__Bacteroidetes;c__Bacteroidia;o__Bacteroidales;f__S24-7	0.277903295275	0.227734112394	0.222819729217	0.321955576553	0.417043718839	0.0063694921871	0.00339107928891	0.00218831806283	0.497959638304	0.333396276294	0.605659547254	0.386441912836	0.640299030487	0.135650943396	0.39208082609	0.595921890675
k__Bacteria;p__Bacteroidetes;c__Bacteroidia;o__Bacteroidales;f__[Barnesiellaceae]	2.26687118882e-05	8.29965058471e-06	9.06840296355e-06	7.38176261728e-06	7.20481858267e-06	0.000256834362383	0.00497799104528	0.0	0.0	0.0	4.53562049556e-06	1.65584845675e-05	0.0	0.0	7.42886858331e-06	0.0
k__Bacteria;p__Bacteroidetes;c__Bacteroidia;o__Bacteroidales;f__[Odoribacteraceae]	7.55623729608e-06	6.63972046777e-05	0.0	3.69088130864e-05	7.20481858267e-06	0.000369841481832	0.00101071165436	0.000170429755672	0.000263272476888	1.25885922177e-05	4.53562049556e-06	2.48377268512e-05	0.00362107230464	9.43396226415e-06	0.0	1.55534299201e-05
k__Bacteria;p__Bacteroidetes;c__Bacteroidia;o__Bacteroidales;f__[Paraprevotellaceae]	0.0	0.0	0.0	1.47635252346e-05	2.1614455748e-05	0.002198502142	0.0	6.81719022688e-06	0.0	0.0	0.0	8.27924228375e-06	0.0	9.43396226415e-06	0.0	0.0
k__Bacteria;p__Bacteroidetes;c__Flavobacteriia;o__Flavobacteriales;f__Flavobacteriaceae	7.55623729608e-06	0.0	0.0	0.0	0.0	0.0	0.0	6.81719022688e-06	0.0	0.0	4.53562049556e-06	0.0	0.0	0.0	0.0	0.0
k__Bacteria;p__Bacteroidetes;c__Flavobacteriia;o__Flavobacteriales;f__[Weeksellaceae]	0.0	0.0	0.0	0.0	0.0	0.00017464736642	0.0	0.0	0.0	0.0	0.0	0.0	0.0	0.0	0.0	0.0
k__Bacteria;p__Cyanobacteria;c__4C0d-2;o__YS2;f__	0.0	0.0	0.0	0.0	0.0	0.000164373991925	0.0	0.0	0.0	6.29429610887e-06	0.0	8.27924228375e-06	0.0	0.0	0.0	0.0
k__Bacteria;p__Cyanobacteria;c__Chloroplast;o__Streptophyta;f__	0.0	0.0	0.0	0.0	0.0	0.0	0.0	6.81719022688e-06	0.0	6.29429610887e-06	0.0	0.0	0.0	0.0	0.0	0.0
k__Bacteria;p__Deferribacteres;c__Deferribacteres;o__Deferribacterales;f__Deferribacteraceae	2.26687118882e-05	1.65993011694e-05	0.0	1.47635252346e-05	2.88192743307e-05	5.13668724766e-05	0.0	3.40859511344e-05	1.01258644957e-05	1.88828883266e-05	3.62849639645e-05	1.65584845675e-05	1.55745045361e-05	9.43396226415e-06	7.42886858331e-06	2.33301448802e-05
k__Bacteria;p__Firmicutes;Other;Other;Other	7.55623729608e-06	0.0	9.06840296355e-06	0.0	0.0	0.0	0.0	0.0	0.0	0.0	0.0	0.0	0.0	0.0	0.0	0.0
k__Bacteria;p__Firmicutes;c__Bacilli;Other;Other	9.06748475529e-05	0.0	9.06840296355e-06	0.0	0.0	0.0	0.0	0.0	0.0	6.29429610887e-06	0.0	0.0	0.0	0.0	0.0	7.77671496007e-06
k__Bacteria;p__Firmicutes;c__Bacilli;o__Bacillales;f__Bacillaceae	0.0	0.0	0.0	0.0	0.0	0.0	0.0	0.0	0.0	0.0	0.0	0.0	0.0	0.0	0.0	2.33301448802e-05
k__Bacteria;p__Firmicutes;c__Bacilli;o__Bacillales;f__Staphylococcaceae	0.0	8.29965058471e-06	9.06840296355e-06	0.0	0.0	0.0	9.44590331173e-06	2.04515706806e-05	0.0	6.29429610887e-06	4.53562049556e-06	0.0	0.0	0.0	0.0	0.0
k__Bacteria;p__Firmicutes;c__Bacilli;o__Gemellales;f__Gemellaceae	0.0	0.0	0.0	0.0	7.20481858267e-06	0.0	9.44590331173e-06	1.36343804538e-05	0.0	1.25885922177e-05	0.0	8.27924228375e-06	7.78725226804e-06	0.0	0.0	0.0
k__Bacteria;p__Firmicutes;c__Bacilli;o__Lactobacillales;Other	0.0	0.0	0.0	7.38176261728e-06	7.20481858267e-06	2.05467489906e-05	9.44590331173e-06	6.81719022688e-06	1.01258644957e-05	1.25885922177e-05	1.36068614867e-05	8.27924228375e-06	0.0	0.0	0.0	0.0
k__Bacteria;p__Firmicutes;c__Bacilli;o__Lactobacillales;f__	1.51124745922e-05	0.0	1.81368059271e-05	0.0	4.3228911496e-05	6.16402469719e-05	9.44590331173e-06	2.72687609075e-05	1.01258644957e-05	0.000195123179375	0.000167817958336	0.00013246787654	7.78725226804e-06	9.43396226415e-05	0.000163435108833	3.11068598403e-05
k__Bacteria;p__Firmicutes;c__Bacilli;o__Lactobacillales;f__Carnobacteriaceae	0.0	0.0	0.0	0.0	0.0	0.0	0.0	0.0	0.0	6.29429610887e-06	9.07124099112e-06	0.0	0.0	0.0	7.42886858331e-06	0.0
k__Bacteria;p__Firmicutes;c__Bacilli;o__Lactobacillales;f__Enterococcaceae	0.000120899796737	8.29965058471e-06	4.53420148178e-05	7.38176261728e-06	2.1614455748e-05	0.0551372009164	0.00913418850245	0.00184745855148	0.000253146612392	5.66486649798e-05	1.36068614867e-05	2.48377268512e-05	1.55745045361e-05	6.60377358491e-05	5.94309486665e-05	8.55438645607e-05
k__Bacteria;p__Firmicutes;c__Bacilli;o__Lactobacillales;f__Lactobacillaceae	0.0711721990917	0.0215873911708	0.100777162134	0.0914674205907	0.136624974783	0.693154850574	0.697107664406	0.610970222513	0.49353463552	0.476604101363	0.336978460338	0.4841204133	0.0320679048398	0.399094339623	0.138474110393	0.090552068995
k__Bacteria;p__Firmicutes;c__Bacilli;o__Lactobacillales;f__Leuconostocaceae	0.0	0.0	0.0	0.0	0.0	0.0	0.0	1.36343804538e-05	0.0	0.0	0.0	0.0	0.0	0.0	0.0	1.55534299201e-05
k__Bacteria;p__Firmicutes;c__Bacilli;o__Lactobacillales;f__Streptococcaceae	2.26687118882e-05	4.97979035083e-05	4.53420148178e-05	3.69088130864e-05	2.1614455748e-05	0.00161291979577	0.000576200102016	0.00130890052356	4.05034579827e-05	1.88828883266e-05	1.81424819822e-05	0.0	2.33617568041e-05	1.88679245283e-05	1.48577371666e-05	1.55534299201e-05
k__Bacteria;p__Firmicutes;c__Bacilli;o__Turicibacterales;f__Turicibacteraceae	0.00378567488533	0.000215790915202	0.00119702919119	0.000118108201876	7.92530044093e-05	0.0	0.0	2.04515706806e-05	0.0	0.0	0.0	0.0	0.0	0.0	7.42886858331e-06	0.000139980869281
k__Bacteria;p__Firmicutes;c__Clostridia;o__Clostridiales;Other	0.0	0.0	0.0	0.0	7.20481858267e-06	1.02733744953e-05	0.000226701679482	6.81719022688e-06	0.0	0.0	0.0	0.0	0.000264766577113	0.0	0.0	0.0
k__Bacteria;p__Firmicutes;c__Clostridia;o__Clostridiales;f__	0.000476042949653	0.00029878742105	9.06840296355e-05	0.000250979928987	0.000201734920315	0.00357513432437	0.0141877467742	0.000749890924956	0.000151887967435	0.000900084343568	0.000671271833343	0.00103490528547	0.148946774131	0.00022641509434	0.00137434068791	0.00437829052252
k__Bacteria;p__Firmicutes;c__Clostridia;o__Clostridiales;f__Christensenellaceae	2.26687118882e-05	3.31986023388e-05	0.0	2.21452878518e-05	2.88192743307e-05	0.0	0.00160580356299	6.81719022688e-06	0.0	0.0	0.0	8.27924228375e-06	0.0	0.0	0.0	0.0
k__Bacteria;p__Firmicutes;c__Clostridia;o__Clostridiales;f__Clostridiaceae	0.000347586915619	3.31986023388e-05	6.34788207449e-05	0.000191925828049	5.04337300787e-05	0.000986243951551	0.00162469536962	6.13547120419e-05	7.08810514698e-05	0.131273839647	0.000140604235362	0.0907322161876	0.0151539929136	0.0285	0.0170046801872	0.201463577755
k__Bacteria;p__Firmicutes;c__Clostridia;o__Clostridiales;f__Dehalobacteriaceae	0.0	8.29965058471e-06	0.0	0.0	7.20481858267e-06	0.0	0.0	6.81719022688e-06	1.01258644957e-05	0.0	4.53562049556e-06	0.0	0.000599618424639	0.0	0.0	0.0
k__Bacteria;p__Firmicutes;c__Clostridia;o__Clostridiales;f__Lachnospiraceae	0.00021157464429	0.000398383228066	0.00012695764149	0.000561013958913	0.000266578287559	0.0143621775445	0.0511873500463	0.00113165357766	0.000475915631297	0.000365069174314	0.000253994747751	0.000471916810174	0.0460070863996	0.000311320754717	0.000765173464081	0.00110429352433
k__Bacteria;p__Firmicutes;c__Clostridia;o__Clostridiales;f__Peptococcaceae	0.0	0.0	0.0	0.0	1.44096371653e-05	0.0	0.000340052519222	0.0	0.0	0.0	0.0	0.0	3.11490090721e-05	0.0	0.0	0.0
k__Bacteria;p__Firmicutes;c__Clostridia;o__Clostridiales;f__Peptostreptococcaceae	7.55623729608e-06	0.0	0.0	0.0	0.0	0.0	0.0	0.0	0.0	0.0	0.0	0.0	0.0	0.0	7.42886858331e-06	0.0
k__Bacteria;p__Firmicutes;c__Clostridia;o__Clostridiales;f__Ruminococcaceae	0.000196462169698	0.000165993011694	0.000181368059271	0.000959629140246	0.000165710827401	0.014228623676	0.0601042827726	0.00184745855148	7.08810514698e-05	0.000182534587157	0.000213174163291	0.000182143330242	0.0359771054783	0.000122641509434	0.000260010400416	0.000186641159042
k__Bacteria;p__Firmicutes;c__Clostridia;o__Clostridiales;f__Veillonellaceae	1.51124745922e-05	8.29965058471e-06	0.0	7.38176261728e-06	0.0	0.00685234078838	0.000538416488769	1.36343804538e-05	1.01258644957e-05	1.88828883266e-05	1.81424819822e-05	8.27924228375e-06	1.55745045361e-05	2.83018867925e-05	0.0	0.0
k__Bacteria;p__Firmicutes;c__Clostridia;o__Clostridiales;f__[Mogibacteriaceae]	0.0	2.48989517541e-05	9.06840296355e-06	0.0	0.0	6.16402469719e-05	0.0	0.0	1.01258644957e-05	1.25885922177e-05	0.0	0.0	0.000210255811237	2.83018867925e-05	7.42886858331e-06	0.0
k__Bacteria;p__Firmicutes;c__Erysipelotrichi;o__Erysipelotrichales;f__Erysipelotrichaceae	0.43882848097	0.622980072539	0.415505155387	0.43840288184	0.314756909421	0.00210604177154	0.00685772580432	0.000749890924956	0.000192391425418	0.0032667396805	0.004594583562	0.0148198436879	0.00408052018845	0.387952830189	0.408676918505	0.078871443125
k__Bacteria;p__Fusobacteria;c__Fusobacteriia;o__Fusobacteriales;f__Fusobacteriaceae	1.51124745922e-05	0.0	0.0	2.21452878518e-05	1.44096371653e-05	4.10934979813e-05	9.44590331173e-06	1.36343804538e-05	0.0	6.29429610887e-06	2.26781024778e-05	8.27924228375e-06	7.78725226804e-06	1.88679245283e-05	1.48577371666e-05	5.44370047205e-05
k__Bacteria;p__Fusobacteria;c__Fusobacteriia;o__Fusobacteriales;f__Leptotrichiaceae	0.0	0.0	0.0	0.0	0.0	1.02733744953e-05	0.0	0.0	0.0	0.0	4.53562049556e-06	0.0	0.0	0.0	0.0	0.0
k__Bacteria;p__Proteobacteria;c__Alphaproteobacteria;o__;f__	0.0	0.0	0.0	0.0	0.0	0.0	0.0	0.0	0.0	0.0	0.0	0.0	1.55745045361e-05	0.0	0.0	0.0
k__Bacteria;p__Proteobacteria;c__Alphaproteobacteria;o__RF32;f__	0.0	0.0	0.0	0.0	0.0	0.0	0.000151134452988	0.0	0.0	0.0	4.53562049556e-06	0.0	0.000249192072577	9.43396226415e-06	7.42886858331e-06	0.0
k__Bacteria;p__Proteobacteria;c__Alphaproteobacteria;o__Rhizobiales;f__Methylobacteriaceae	1.51124745922e-05	8.29965058471e-06	0.0	0.0	0.0	0.000472575226785	0.000784009974874	6.81719022688e-06	2.02517289914e-05	0.0	0.0	0.0	0.0	0.0	0.0	0.0
k__Bacteria;p__Proteobacteria;c__Alphaproteobacteria;o__Rhizobiales;f__Phyllobacteriaceae	7.55623729608e-06	0.0	0.0	0.0	0.0	0.000657495967701	0.00070844274838	0.0	0.0	0.0	0.0	0.0	0.0	9.43396226415e-06	0.0	0.0
k__Bacteria;p__Proteobacteria;c__Alphaproteobacteria;o__Rickettsiales;f__	0.0	0.0	0.0	0.0	0.0	0.0	0.0	0.0	0.0	1.25885922177e-05	0.0	0.0	0.0	0.0	0.0	0.0
k__Bacteria;p__Proteobacteria;c__Betaproteobacteria;Other;Other	0.0	0.0	0.0	0.0	0.0	0.0	9.44590331173e-06	1.36343804538e-05	0.0	0.0	0.0	0.0	0.0	0.0	0.0	0.0
k__Bacteria;p__Proteobacteria;c__Betaproteobacteria;o__Burkholderiales;f__Alcaligenaceae	0.000317361966435	2.48989517541e-05	2.72052088907e-05	0.000147635252346	0.000489927663621	0.00122253156494	0.00397672529424	6.81719022688e-05	4.05034579827e-05	0.00365698603925	0.00803258389764	0.00597761292886	0.00330179496165	0.00125471698113	0.00200579451749	0.0148224187139
k__Bacteria;p__Proteobacteria;c__Betaproteobacteria;o__Burkholderiales;f__Comamonadaceae	0.0	8.29965058471e-06	0.0	0.0	0.0	0.00188002753264	0.0	0.0	0.0	0.0	0.0	0.0	0.0	9.43396226415e-06	0.0	3.11068598403e-05
k__Bacteria;p__Proteobacteria;c__Betaproteobacteria;o__Burkholderiales;f__Oxalobacteraceae	1.51124745922e-05	0.0	0.0	7.38176261728e-06	0.0	0.000339021358346	0.0	6.81719022688e-06	0.0	0.0	0.0	0.0	0.0	0.0	0.0	0.0
k__Bacteria;p__Proteobacteria;c__Deltaproteobacteria;o__Desulfovibrionales;f__	0.0	0.0	0.0	0.0	0.0	1.02733744953e-05	0.0	6.81719022688e-06	0.0	0.0	0.0	0.0	0.0	0.0	0.0	0.0
k__Bacteria;p__Proteobacteria;c__Deltaproteobacteria;o__Desulfovibrionales;f__Desulfovibrionaceae	0.00733710641449	0.0423697162349	0.0250378605824	0.0306490783869	0.0469970316147	0.00261971049631	0.00292823002664	0.000122709424084	0.00162013831931	0.0456021753087	0.0385890591762	0.01091204133	0.0126698594401	0.0225377358491	0.0195602109799	0.00649355699166
k__Bacteria;p__Proteobacteria;c__Epsilonproteobacteria;o__Campylobacterales;f__Helicobacteraceae	7.55623729608e-06	0.0	0.0	0.0	0.0	0.0	0.0	0.0	0.0	0.0	0.0	0.0	7.78725226804e-06	0.0	7.42886858331e-06	0.0
k__Bacteria;p__Proteobacteria;c__Gammaproteobacteria;o__Alteromonadales;f__[Chromatiaceae]	0.0	0.0	1.81368059271e-05	0.0	0.0	0.0	0.0	0.0	0.0	0.0	0.0	0.0	0.0	0.0	0.0	0.0
k__Bacteria;p__Proteobacteria;c__Gammaproteobacteria;o__Enterobacteriales;f__Enterobacteriaceae	0.000498711661541	0.00056437623976	0.00028112049187	0.000575777484148	0.000677252946771	0.131673840907	0.0402962235279	0.374577334206	0.000405034579827	0.000478366504274	0.000476240152034	0.000438799841039	0.000218043063505	0.000301886792453	0.000520020800832	0.000723234491286
k__Bacteria;p__Proteobacteria;c__Gammaproteobacteria;o__Oceanospirillales;f__Halomonadaceae	7.55623729608e-06	1.65993011694e-05	0.0	0.0	0.0	0.000678042716691	0.0	0.0	0.0	0.0	0.0	0.0	0.0	0.0	0.0	0.0
k__Bacteria;p__Proteobacteria;c__Gammaproteobacteria;o__Pasteurellales;f__Pasteurellaceae	0.0	0.0	1.81368059271e-05	0.0	7.20481858267e-06	2.05467489906e-05	9.44590331173e-06	0.0	0.0	6.29429610887e-06	0.0	0.0	0.0	0.0	0.0	7.77671496007e-06
k__Bacteria;p__Proteobacteria;c__Gammaproteobacteria;o__Pseudomonadales;f__Moraxellaceae	7.55623729608e-06	0.0	1.81368059271e-05	7.38176261728e-06	2.88192743307e-05	2.05467489906e-05	1.88918066235e-05	3.40859511344e-05	3.0377593487e-05	1.88828883266e-05	2.26781024778e-05	8.27924228375e-06	0.0	4.71698113208e-05	4.45732114999e-05	2.33301448802e-05
k__Bacteria;p__Proteobacteria;c__Gammaproteobacteria;o__Pseudomonadales;f__Pseudomonadaceae	7.55623729608e-06	0.0	0.0	0.0	7.20481858267e-06	0.0	0.0	0.0	0.0	0.0	0.0	0.0	0.0	0.0	0.0	0.0
k__Bacteria;p__Proteobacteria;c__Gammaproteobacteria;o__Xanthomonadales;f__Xanthomonadaceae	0.0	0.0	0.0	0.0	0.0	0.000410934979813	0.000226701679482	0.0	0.0	0.0	0.0	0.0	0.0	0.0	0.0	0.0
k__Bacteria;p__TM7;c__TM7-3;o__CW040;f__F16	0.0	8.29965058471e-06	0.0	2.95270504691e-05	0.0	0.0	0.0	0.0	1.01258644957e-05	6.29429610887e-06	0.0	2.48377268512e-05	0.0	0.0	0.0	2.33301448802e-05
k__Bacteria;p__Tenericutes;c__Mollicutes;o__Anaeroplasmatales;f__Anaeroplasmataceae	0.0	0.0	0.0	7.38176261728e-06	0.0	0.0	0.0	0.0	0.0	0.0	1.36068614867e-05	2.48377268512e-05	0.0131916053421	0.0	1.48577371666e-05	0.0
k__Bacteria;p__Tenericutes;c__Mollicutes;o__Mycoplasmatales;f__Mycoplasmataceae	0.0	0.0	9.06840296355e-06	1.47635252346e-05	1.44096371653e-05	4.10934979813e-05	9.44590331173e-06	0.0	0.0	6.29429610887e-06	9.07124099112e-06	8.27924228375e-06	1.55745045361e-05	0.0	7.42886858331e-06	7.77671496007e-06
k__Bacteria;p__Tenericutes;c__Mollicutes;o__RF39;f__	0.0	0.0	9.06840296355e-06	0.0	1.44096371653e-05	0.000215740864402	0.00263540702397	3.40859511344e-05	0.0	1.25885922177e-05	0.0	1.65584845675e-05	0.000186894054433	9.43396226415e-06	2.97154743333e-05	0.000116650724401
k__Bacteria;p__Tenericutes;c__RF3;o__ML615J-28;f__	0.0	0.0	0.0	7.38176261728e-06	0.0	0.0	0.0	0.0	0.0	6.29429610887e-06	0.0	0.0	0.0	0.0	0.0	0.0
k__Bacteria;p__Verrucomicrobia;c__Opitutae;o__[Cerasicoccales];f__[Cerasicoccaceae]	0.0	0.0	0.0	0.0	0.0	0.0	6.61213231821e-05	0.0	0.0	0.0	0.0	0.0	0.0	0.0	0.0	0.0
k__Bacteria;p__Verrucomicrobia;c__Verrucomicrobiae;o__Verrucomicrobiales;f__Verrucomicrobiaceae	7.55623729608e-06	0.0171968760115	0.00137839725046	0.00622282588637	0.0017867950085	0.000113007119449	9.44590331173e-06	0.0	0.0	0.000874907159132	0.00111576264191	0.0013246787654	0.000654129190515	0.00108490566038	0.00270410816433	0.00150868270225
